100 100
13 0 6 80 12 3 11 100 6 1 5 8 6 3 7 6 0 7 6 4 11 5 0 26 8 8 10 3 11 11 100 1 12 3 2 11 7 2 5 0 2 2 12 1 13 88 1 6 8 48 7 13 10 4 8 4 33 85 13 2 12 4 5 3 9 1 97 11 7 11 11 100 8 2 10 2 9 5 0 4 11 73 12 100 10 17 2 5 6 52 11 7 34 1 0 11 7 12 9 
9 4 5 55 1 2 0 1 11 54 3 11 4 3 12 3 3 3 69 9 8 5 2 6 40 0 3 13 4 7 5 11 8 1 5 4 9 2 11 99 6 4 55 1 10 69 3 6 8 81 1 8 6 12 11 6 10 34 2 13 9 2 4 2 8 7 6 4 5 10 9 2 12 3 8 4 9 2 11 13 8 46 10 79 6 2 1 3 2 3 12 11 10 7 8 69 4 11 
13 1 10 45 0 3 0 13 12 52 2 13 2 11 13 11 9 8 13 12 75 0 8 9 13 1 9 5 3 7 1 13 37 10 89 11 1 11 5 13 7 0 2 13 13 7 8 8 4 8 40 2 7 12 1 9 12 12 4 10 13 1 6 3 0 73 8 5 1 1 7 11 13 2 9 2 12 4 2 13 13 4 7 2 80 73 10 7 5 5 10 4 81 70 1 0 13 
8 12 4 100 11 0 100 7 5 2 8 3 11 8 3 100 1 7 13 0 6 1 9 100 100 1 2 3 100 0 0 10 1 11 11 100 100 9 4 7 1 100 10 4 13 100 13 7 100 0 3 10 5 10 0 3 3 13 11 3 3 10 0 4 11 5 4 2 13 100 11 9 7 2 4 1 2 100 7 1 2 1 3 10 7 4 0 2 6 2 13 4 13 13 100 100 
7 0 12 63 1 9 3 9 12 5 3 5 9 4 12 7 7 13 8 24 1 0 9 7 8 12 80 2 9 75 12 13 1 6 9 5 4 9 9 1 7 88 11 11 13 63 0 0 11 7 4 10 99 52 6 9 7 8 7 12 13 10 14 1 9 4 7 80 7 4 2 6 4 1 8 11 7 30 4 80 13 63 6 5 12 63 2 8 80 7 0 4 9 2 1 
6 2 8 1 7 12 9 0 1 0 9 0 2 5 98 4 8 1 3 9 96 13 11 1 35 13 0 3 10 1 5 2 0 1 6 74 5 82 82 10 9 90 10 13 12 28 2 13 2 0 13 9 9 37 12 57 7 13 3 3 3 12 12 6 5 7 10 13 12 1 8 82 11 6 12 11 11 58 6 13 8 3 1 13 9 13 5 0 4 12 12 45 7 3 
13 3 5 3 1 53 13 1 0 4 53 7 2 9 51 10 66 4 12 5 6 6 12 1 7 13 12 11 69 8 61 10 10 6 8 2 6 6 1 4 2 11 12 9 0 6 65 12 2 9 8 9 10 9 3 7 85 8 4 1 2 51 3 12 1 11 7 1 85 0 8 13 0 10 12 6 11 6 8 4 55 50 7 9 7 13 12 13 8 82 12 7 8 
3 12 100 3 0 1 7 7 5 8 6 100 1 4 7 2 12 4 8 100 100 6 11 9 100 7 13 3 4 12 11 100 100 6 8 13 2 100 3 2 12 100 2 4 100 5 8 5 5 13 6 0 12 7 9 1 1 5 11 0 9 7 9 13 0 100 2 8 6 2 11 13 0 100 4 10 10 1 12 4 5 7 12 8 1 9 12 3 12 1 100 100 
10 7 5 8 5 11 7 10 2 13 5 2 9 5 8 29 13 4 11 11 2 4 100 11 2 47 12 13 10 1 0 2 6 9 8 2 0 16 6 13 3 48 1 8 3 2 8 3 99 41 3 5 12 4 5 5 3 4 42 4 8 7 8 100 3 13 13 5 11 5 5 13 2 97 13 100 2 17 11 9 9 52 2 13 90 2 4 6 4 2 3 
8 4 6 57 4 7 1 1 9 6 0 11 1 4 9 3 8 6 1 13 8 12 11 45 8 2 68 13 75 5 11 10 23 5 2 8 1 6 5 4 7 6 9 5 9 10 30 9 0 6 7 4 55 13 8 2 55 8 12 7 15 48 6 0 13 12 13 1 25 23 45 5 11 10 13 3 3 12 8 2 9 45 0 11 13 5 6 0 6 8 
5 13 4 10 6 12 12 2 100 1 11 12 13 13 12 13 100 100 9 2 5 100 1 1 3 4 3 1 100 100 9 9 8 1 100 5 6 9 100 3 12 100 5 0 0 5 4 9 11 0 6 3 7 11 6 12 10 2 2 6 3 10 100 8 11 13 1 6 2 3 100 4 2 8 11 13 11 13 0 10 2 3 9 2 0 2 8 100 100 
4 6 6 0 11 5 1 12 57 3 1 7 5 11 32 0 12 4 12 12 13 1 9 6 0 0 11 10 13 27 1 32 10 13 11 54 10 12 10 49 13 13 11 1 3 4 8 0 4 77 12 6 4 0 8 10 10 3 1 5 12 7 0 10 7 50 8 4 4 3 3 91 13 9 13 10 11 3 12 9 5 11 5 9 12 12 11 9 
6 9 40 12 76 3 12 13 76 12 4 9 13 0 10 1 6 2 2 1 9 9 5 1 76 9 7 3 3 11 7 8 11 1 7 8 13 2 6 9 33 6 9 12 3 1 0 0 3 2 76 11 6 3 5 29 10 12 7 6 11 12 40 13 0 2 8 0 4 4 12 3 5 5 86 23 0 5 2 7 3 8 68 23 12 5 10 
11 9 11 8 0 10 4 8 12 8 9 6 2 11 4 3 11 13 3 18 2 5 90 8 73 9 1 3 57 1 7 12 13 13 13 3 3 1 3 1 0 7 23 9 5 5 2 10 18 12 69 13 23 12 12 12 0 83 9 12 12 2 10 13 48 11 48 12 0 4 1 5 3 7 12 11 3 33 90 10 12 13 9 12 11 7 
2 100 9 100 8 7 1 100 5 9 100 10 0 3 100 7 7 6 10 0 1 1 3 10 9 10 11 3 2 3 7 6 2 100 3 3 12 0 5 100 100 2 0 1 1 100 12 0 10 6 100 1 5 12 100 3 0 13 0 100 9 100 4 5 7 11 6 13 13 4 9 11 0 7 100 1 8 3 10 100 8 4 8 5 8 
3 45 8 9 2 100 10 29 13 9 2 2 2 0 13 10 2 0 2 27 3 3 6 5 6 9 3 8 2 13 10 13 9 11 2 4 6 65 6 1 3 13 3 3 8 6 1 100 8 4 7 3 100 11 8 13 13 2 10 49 9 5 12 4 10 4 3 1 2 6 1 72 100 10 6 12 2 10 9 89 16 0 3 1 
10 100 1 10 5 100 8 8 100 6 10 10 100 0 13 6 13 0 4 6 4 4 11 1 0 4 10 2 11 13 13 100 3 5 7 0 10 100 100 9 6 6 4 100 12 1 5 1 100 8 7 2 100 11 6 0 7 100 3 100 9 12 3 0 6 10 13 13 2 13 13 11 100 7 13 11 5 100 5 10 13 6 5 
9 1 8 45 8 66 6 5 9 7 0 10 11 10 6 9 6 53 13 7 5 7 12 3 1 1 9 2 12 1 1 7 4 0 11 79 1 11 11 4 8 1 8 4 5 45 3 10 6 12 45 3 6 3 4 12 2 49 3 9 3 7 2 12 1 1 5 11 2 86 45 6 0 6 6 9 1 18 53 13 6 9 
11 11 7 100 12 6 100 1 8 10 100 9 0 2 13 10 4 10 8 8 8 1 13 13 12 3 3 6 3 100 8 5 10 12 0 100 100 6 12 9 8 100 0 3 3 9 100 3 3 5 100 13 10 5 13 100 9 100 10 3 8 11 11 6 0 12 10 1 11 11 100 2 9 11 8 100 2 9 11 2 11 
5 1 0 11 12 8 7 100 100 3 8 1 100 5 9 1 2 3 11 100 100 10 1 12 7 100 1 10 3 100 9 12 100 2 5 3 0 12 13 10 12 3 2 8 6 7 5 13 7 12 10 11 3 100 1 7 9 12 11 8 5 100 0 13 12 13 11 5 1 11 8 4 5 2 1 1 4 13 100 100 
1 11 5 9 13 33 0 9 12 83 2 1 13 3 9 2 8 10 13 0 46 10 79 59 4 6 79 10 2 9 98 12 13 8 7 7 11 8 35 0 28 6 12 9 4 7 12 7 5 11 0 13 10 11 3 7 79 5 3 10 9 2 99 3 95 6 9 7 13 10 13 10 9 4 0 4 98 2 3 
9 45 2 11 11 3 1 4 12 6 0 5 5 27 8 65 3 2 7 3 10 0 1 13 11 5 0 6 10 12 10 22 10 11 9 1 8 10 1 3 10 100 0 7 5 6 100 2 7 2 8 8 10 49 13 11 0 0 11 13 13 1 7 12 4 4 100 7 11 3 4 10 6 8 8 0 3 1 
11 9 100 7 11 3 100 11 12 5 2 5 8 3 10 5 6 8 12 12 12 11 4 2 0 100 2 2 11 12 10 100 100 0 7 11 0 100 10 7 9 8 100 7 6 5 100 7 2 13 1 100 1 100 3 4 0 2 0 9 4 2 0 7 10 10 100 4 13 9 4 100 10 2 8 10 3 
1 10 11 7 8 2 1 11 5 1 12 72 7 40 3 3 6 0 0 9 11 7 7 13 10 7 9 13 5 22 8 5 8 0 1 2 12 4 10 29 9 3 5 5 72 3 9 11 5 6 8 29 8 10 1 2 0 5 2 10 2 13 6 45 87 2 6 12 10 7 0 2 87 9 12 3 
3 2 7 2 1 0 74 9 5 97 0 2 11 11 2 9 12 9 13 0 13 74 9 8 6 29 12 2 2 1 11 1 20 48 5 1 1 0 6 10 7 1 26 3 8 8 13 9 11 6 10 2 9 2 9 8 5 90 12 93 0 46 1 12 2 18 9 0 9 3 4 0 6 8 10 
1 7 10 100 9 2 1 13 11 3 6 8 2 11 6 8 12 4 13 11 7 2 100 8 13 7 6 0 100 100 3 4 5 7 100 4 2 12 1 100 2 0 10 100 6 1 5 6 100 7 100 0 1 13 3 3 0 9 4 0 0 6 5 100 8 5 7 13 100 3 5 12 7 12 
13 13 13 14 6 0 4 12 12 8 7 6 2 5 69 4 14 79 11 11 98 3 1 7 67 3 10 0 7 4 13 7 46 7 56 10 6 5 9 12 1 0 9 4 13 3 5 12 13 7 96 10 7 4 6 12 15 4 36 13 1 12 3 12 1 5 9 12 0 8 96 0 9 
100 7 5 5 100 13 8 3 10 0 6 100 100 9 2 5 8 100 10 7 8 100 5 13 100 13 0 0 9 3 7 5 12 0 9 13 10 12 11 12 5 12 2 10 8 100 7 1 11 11 5 4 9 100 12 2 5 3 3 10 0 11 3 9 13 2 10 1 9 5 100 100 
5 13 1 100 8 11 10 8 9 7 100 100 2 3 13 12 100 4 6 11 100 11 9 100 3 2 6 13 13 0 7 6 8 1 4 12 6 7 3 1 9 9 6 7 100 10 1 8 11 9 2 8 100 13 0 0 2 4 11 2 8 9 9 4 11 5 6 12 10 100 100 
6 6 7 12 9 10 2 11 12 2 11 10 10 13 6 12 5 5 100 7 10 10 0 9 100 100 12 7 4 7 100 9 11 1 2 100 2 4 8 100 6 6 11 13 100 9 100 8 12 5 5 7 8 6 8 11 10 9 0 100 0 11 9 9 100 8 4 0 4 8 
6 11 10 6 4 0 13 5 12 3 74 5 35 27 0 4 84 5 6 10 84 13 3 9 1 1 8 10 37 13 57 5 1 8 5 5 10 8 10 4 0 9 0 11 6 6 35 6 2 3 10 4 58 10 34 4 6 0 10 2 0 13 9 11 1 12 35 7 4 
1 8 21 11 3 7 0 8 2 8 2 10 8 2 57 13 10 9 35 3 0 1 2 12 2 7 1 2 4 7 9 13 5 0 2 3 1 13 0 8 100 13 6 9 4 3 4 10 8 13 77 8 100 0 8 2 3 0 52 4 11 34 7 2 9 5 13 8 
11 9 2 6 3 1 100 100 10 2 0 7 100 12 7 7 100 2 13 100 3 7 2 11 2 8 5 12 8 6 6 10 5 13 6 10 8 7 1 10 100 3 12 4 5 3 12 9 100 13 0 13 11 0 4 8 9 1 4 12 4 9 8 9 1 100 100 
11 2 54 13 47 1 12 9 100 4 2 3 13 3 1 13 6 9 8 7 0 13 100 13 9 5 13 11 74 3 0 8 100 10 7 2 96 57 1 6 4 2 7 4 8 6 100 6 8 6 12 2 11 5 11 12 13 70 100 0 9 13 4 2 13 1 
6 9 8 11 8 8 1 2 5 13 0 3 0 6 8 51 10 6 4 12 6 10 53 21 8 1 6 5 1 1 8 0 11 0 0 9 11 92 12 13 2 6 9 7 7 3 3 16 12 98 6 92 1 0 11 8 2 2 82 9 5 10 4 11 3 
9 53 2 12 3 6 13 0 2 2 1 7 5 12 4 11 10 76 2 8 11 2 5 4 5 12 6 27 10 6 0 7 37 6 9 2 5 6 8 3 4 8 4 8 4 11 8 3 13 3 10 4 3 8 10 12 10 5 9 18 27 4 0 7 
0 74 11 3 12 74 12 8 2 12 8 9 5 7 5 12 4 7 9 54 8 4 7 6 13 11 12 38 6 97 13 2 9 61 84 5 8 11 3 0 7 87 99 11 10 11 12 7 8 5 9 8 13 13 86 97 5 8 1 9 9 13 4 
11 7 5 0 2 1 13 3 4 2 7 10 9 5 5 76 1 9 8 0 7 1 11 2 3 3 8 10 3 12 65 2 6 9 13 0 2 49 11 9 8 9 3 7 2 8 0 11 10 4 7 12 4 7 13 8 9 72 52 0 5 12 
7 7 4 47 2 8 10 4 10 8 5 7 4 7 4 10 10 47 9 0 10 9 6 21 7 41 8 47 12 9 11 96 52 3 8 0 13 1 4 69 65 47 8 4 7 5 12 6 3 5 6 9 70 47 8 13 0 6 12 9 13 
100 11 12 10 5 100 13 4 6 100 8 2 100 7 4 12 4 2 12 2 10 1 12 13 4 10 8 12 13 2 13 5 2 100 12 10 13 8 0 4 7 100 13 8 13 4 10 7 2 9 4 8 13 13 7 0 6 10 100 100 
7 7 4 9 100 11 7 10 100 12 8 100 8 3 4 12 13 3 10 3 11 10 11 3 1 10 0 10 4 6 10 12 100 1 9 8 0 13 11 1 100 4 13 5 0 8 2 8 9 7 5 8 12 0 11 0 2 100 100 
2 65 56 12 5 69 1 7 7 0 4 4 0 5 4 9 4 65 3 42 7 9 7 5 1 10 5 0 7 3 3 4 4 8 9 46 13 11 4 2 6 11 12 13 0 8 3 2 0 1 8 0 2 5 8 99 7 4 
5 7 1 10 8 5 3 3 9 9 3 3 2 100 3 4 10 3 12 72 5 41 0 100 9 8 3 96 84 0 10 12 9 13 10 8 6 100 8 1 2 8 2 4 5 8 6 0 30 100 10 3 0 13 3 5 8 
100 6 11 28 8 9 5 55 3 0 2 2 10 0 5 83 8 56 3 12 8 7 3 9 6 8 8 10 9 7 9 1 13 100 9 12 8 2 1 15 13 83 13 2 12 2 5 4 9 5 10 4 4 45 9 1 
8 11 90 1 5 13 28 0 6 7 5 13 2 12 35 9 49 2 11 10 11 6 11 12 10 4 5 8 13 2 8 9 100 0 5 11 10 0 46 1 88 6 10 0 11 9 4 7 1 6 10 8 3 3 4 
9 3 2 100 2 9 100 13 8 0 11 5 3 6 8 8 5 13 12 4 13 0 9 8 10 2 6 100 4 11 8 0 12 4 1 100 5 6 2 4 5 2 5 8 1 6 13 10 5 4 8 9 100 100 
3 4 13 57 6 0 9 3 12 7 28 1 12 12 13 11 2 10 6 6 42 8 9 13 3 88 5 3 5 12 10 5 13 13 8 73 13 86 1 47 11 3 10 35 13 4 49 5 10 3 9 9 11 
4 12 7 55 1 5 10 10 6 10 8 83 11 39 2 10 6 2 6 7 10 7 7 13 5 7 1 10 11 50 10 6 4 11 12 19 10 34 11 12 12 0 0 9 7 7 9 8 5 28 8 4 
3 5 0 8 8 100 100 1 3 12 10 100 0 3 1 11 100 10 10 2 100 9 1 4 11 100 7 100 4 13 9 1 5 8 0 0 0 10 11 1 100 8 3 3 13 100 2 8 13 13 3 
10 1 100 2 4 9 11 11 9 12 10 6 4 4 10 8 7 9 7 7 0 5 6 100 11 10 13 12 1 5 12 100 8 7 5 9 4 10 11 7 10 6 9 10 7 2 10 8 100 100 
4 4 8 11 12 0 91 85 12 11 7 10 13 8 1 3 97 6 2 2 11 48 10 5 0 10 6 10 6 11 0 75 1 14 2 17 10 8 4 35 6 10 67 5 10 5 2 8 4 
8 7 2 10 0 7 3 83 5 95 11 10 9 3 12 1 10 9 8 8 10 13 10 1 10 32 1 11 6 5 3 44 9 83 9 5 4 7 11 7 2 13 4 1 13 55 5 4 
13 5 7 7 10 11 7 4 13 3 7 0 4 13 7 5 8 3 1 3 100 6 6 1 2 6 10 0 100 0 13 1 13 3 0 4 5 7 1 7 5 12 3 3 2 100 100 
7 1 10 6 2 1 4 12 3 33 1 4 5 7 82 5 0 12 7 1 2 43 10 10 10 3 7 10 8 2 13 11 9 79 38 13 12 7 10 3 4 38 82 10 3 8 
100 2 11 3 1 100 7 9 6 2 100 4 4 6 100 4 12 10 5 100 7 100 3 7 6 7 3 10 6 11 7 11 12 7 100 2 0 12 4 100 10 12 10 5 8 
7 6 6 5 100 6 11 10 9 100 13 10 2 100 3 1 11 6 100 13 100 12 0 9 4 0 0 1 9 7 3 8 9 100 2 7 2 3 100 7 12 11 4 9 
8 3 0 10 6 91 4 95 12 100 2 9 2 99 48 1 6 0 4 7 1 69 6 100 13 5 7 13 8 9 10 9 12 5 43 100 9 11 2 9 2 1 13 
83 3 10 5 4 10 4 10 8 75 3 13 9 1 7 8 5 5 9 7 4 10 13 3 3 6 29 0 7 5 10 13 70 1 11 33 9 13 10 2 4 2 
10 5 1 6 13 11 11 6 12 8 0 2 13 4 0 10 1 3 1 0 10 7 5 77 0 41 3 3 5 2 8 93 7 1 4 3 11 6 11 8 3 
11 80 0 13 5 1 6 11 6 0 3 5 9 0 4 9 11 37 5 0 8 1 0 26 6 49 9 5 5 9 10 7 5 4 2 6 4 35 2 9 
2 5 13 6 100 9 6 3 100 0 2 12 5 100 13 100 10 4 7 1 9 10 12 4 5 6 6 8 100 10 2 7 11 100 5 2 3 0 6 
6 8 12 4 12 3 12 2 3 4 10 11 5 11 11 88 3 5 7 1 7 19 6 78 9 6 12 1 2 8 5 9 13 5 1 28 10 13 
2 95 11 91 8 5 6 56 54 6 8 10 2 5 0 29 64 74 11 3 1 0 13 3 7 12 13 5 43 74 5 7 10 2 6 13 10 
11 1 8 1 100 13 7 11 1 2 7 49 4 11 5 3 0 5 3 9 10 4 0 55 100 4 0 4 12 6 2 68 16 5 4 0 
9 29 0 11 0 29 77 1 9 0 9 10 8 46 0 0 9 3 3 0 4 5 10 1 9 5 30 0 1 11 3 4 5 6 0 
3 3 11 100 5 10 10 12 100 8 100 6 1 9 1 6 0 3 1 7 7 11 2 100 1 4 9 0 100 5 12 1 7 9 
0 4 3 96 44 1 0 6 0 0 7 46 6 100 1 12 3 0 10 11 10 10 12 11 30 100 7 4 8 1 4 10 10 
6 6 11 2 42 12 7 4 8 1 7 4 3 5 37 0 14 0 3 8 9 0 65 1 13 17 2 3 11 0 12 7 
0 0 5 13 2 9 49 6 5 13 12 11 3 3 7 5 8 13 4 100 9 9 3 11 0 13 89 53 2 1 11 
4 12 0 0 100 3 100 2 7 0 1 7 0 10 1 8 2 5 3 100 10 0 10 13 100 11 11 11 3 6 
22 2 2 6 9 3 8 51 6 99 6 11 5 1 4 5 10 10 3 6 52 99 13 11 5 11 6 0 2 
13 11 6 7 4 3 63 57 52 0 2 6 6 4 8 1 5 11 4 44 77 12 0 9 3 8 2 0 
2 0 10 4 9 12 4 1 13 99 1 100 0 8 0 5 10 28 7 3 67 2 0 3 8 10 8 
5 10 8 6 10 1 1 100 0 1 12 1 12 12 4 12 10 7 6 0 0 10 1 11 100 100 
11 100 10 7 1 1 10 0 10 7 3 10 3 0 100 3 7 10 12 100 6 9 0 2 10 
13 13 2 8 3 5 5 8 13 12 13 72 49 13 10 0 5 10 2 90 8 13 7 9 
9 7 12 1 2 9 10 6 11 9 13 7 100 4 11 1 6 100 1 5 9 8 7 
11 0 3 2 5 19 11 49 7 1 12 10 0 9 3 1 13 1 8 51 10 9 
67 51 10 3 4 4 7 6 11 4 8 3 8 67 9 1 13 13 2 12 9 
6 3 1 12 7 6 11 12 4 3 2 49 6 0 2 2 6 12 13 2 
13 8 5 6 4 4 12 12 2 13 43 100 11 11 3 8 1 6 7 
11 2 7 4 12 3 3 13 3 6 3 3 10 1 2 1 100 100 
5 99 9 65 7 3 10 62 4 7 97 9 6 7 12 10 8 
11 69 3 9 11 10 1 7 7 3 4 10 13 46 10 5 
1 17 0 11 4 28 12 13 90 5 4 9 2 1 2 
2 0 0 10 7 11 1 12 13 8 7 9 1 4 
0 7 12 8 12 0 34 0 13 11 2 10 6 
55 5 10 1 11 8 11 3 60 1 9 10 
4 8 10 2 4 3 72 8 8 9 3 
9 0 13 11 100 9 6 13 11 9 
2 3 12 7 9 3 10 12 9 
30 12 6 9 2 1 13 13 
5 11 6 6 1 2 7 
9 8 9 6 3 3 
13 13 13 13 10 
89 7 6 5 
2 8 7 
12 11 
100 

