100 100
58 1 58 6 0 3 6 3 58 2 8 8 58 1 6 58 58 8 1 8 7 0 58 1 0 1 4 5 58 8 5 6 8 3 7 3 4 6 6 1 5 58 58 4 8 8 58 95 5 2 6 58 3 4 2 3 0 5 58 8 7 7 1 4 58 74 5 74 8 2 7 5 1 8 58 42 6 4 3 0 2 2 58 58 3 7 8 6 7 2 6 8 8 8 58 7 4 6 7 
0 100 6 0 4 1 5 100 5 2 5 100 8 4 100 100 3 6 5 5 5 100 3 1 2 1 6 100 7 8 7 4 8 3 4 8 8 0 4 2 100 100 4 2 3 100 14 8 5 7 100 5 8 6 6 7 2 100 4 8 8 0 2 100 91 5 78 5 2 8 7 1 7 100 76 3 3 8 0 4 2 100 15 4 2 5 1 6 2 7 88 8 1 100 5 8 1 0 
6 7 1 32 5 32 2 4 0 6 4 2 5 7 2 4 32 1 32 4 6 32 2 4 5 8 3 32 32 6 4 8 3 32 62 32 3 1 6 8 8 32 32 0 5 5 32 32 32 5 5 7 5 4 32 8 8 32 32 2 7 7 1 6 4 2 0 32 3 32 2 4 7 8 1 32 32 5 4 8 3 7 5 4 2 4 6 7 5 8 32 7 3 5 5 0 3 
6 7 3 2 3 100 0 7 4 100 2 5 100 100 5 4 7 3 7 100 2 6 1 3 6 100 2 4 0 2 6 2 2 4 2 4 2 3 100 100 1 5 7 100 14 2 1 1 100 8 8 5 1 3 1 100 5 6 2 4 8 100 74 5 78 5 2 2 3 6 7 100 76 8 8 5 5 3 8 100 15 1 4 8 2 5 3 5 88 6 1 100 0 4 2 1 
1 4 6 4 6 1 3 7 6 7 6 6 6 8 2 8 7 1 6 1 7 8 2 3 6 5 4 0 6 3 7 0 3 2 8 1 5 6 6 1 1 0 6 95 0 1 7 6 5 1 7 3 4 7 6 3 5 8 7 7 6 74 0 74 3 2 1 2 0 7 6 10 3 0 1 8 8 5 6 6 0 5 3 7 4 0 6 45 8 8 6 8 7 7 1 
4 77 3 7 1 100 100 4 0 2 6 7 1 4 2 5 3 5 0 6 100 79 100 5 8 1 3 100 25 100 6 2 6 2 7 100 7 1 1 1 46 3 7 3 8 2 8 3 100 9 7 4 2 6 8 3 100 7 100 2 3 100 3 1 4 100 0 2 5 4 5 0 5 5 7 100 6 3 7 100 100 6 8 100 8 3 4 8 3 2 100 8 2 72 
5 100 5 3 5 8 3 6 5 1 8 4 100 5 82 1 5 100 3 3 3 2 3 100 100 3 4 3 7 100 29 100 4 3 0 6 8 100 100 8 2 0 100 100 100 2 3 7 5 7 100 6 5 71 99 1 8 6 4 4 0 1 7 76 1 100 6 6 0 0 2 100 100 4 0 4 6 0 6 6 2 59 4 1 0 3 100 3 0 5 0 3 5 
1 5 1 24 80 6 4 5 6 5 2 5 2 2 8 4 0 6 24 24 80 2 0 8 2 24 80 80 8 3 7 1 3 80 7 3 8 4 80 4 7 1 1 2 7 7 80 80 2 5 7 8 3 1 77 1 24 5 8 80 1 1 1 77 8 2 1 4 5 8 1 8 1 24 0 6 7 77 24 80 7 77 2 5 8 7 3 2 80 6 2 24 
5 1 4 3 4 7 0 2 3 8 100 3 82 5 7 100 5 3 6 4 1 100 100 7 0 2 1 100 29 100 2 2 4 4 2 100 100 3 3 3 100 100 100 3 0 0 4 5 100 8 1 3 0 7 6 1 3 1 7 3 7 76 5 100 3 4 0 5 0 100 100 5 2 0 1 0 0 3 3 4 1 7 0 6 100 6 7 0 2 0 5 
7 7 3 100 5 6 100 100 7 5 4 3 8 100 0 2 1 0 3 100 3 4 3 5 1 1 6 6 1 0 2 7 100 100 6 0 2 100 14 3 1 3 100 5 0 7 5 3 0 100 5 8 1 5 4 100 91 6 74 8 2 6 5 8 5 100 77 3 1 4 5 4 4 100 15 5 2 7 5 2 3 6 88 7 4 100 2 5 1 2 
1 2 8 43 100 1 0 61 1 100 7 100 4 0 100 1 3 3 0 6 3 100 5 4 6 8 5 1 51 100 5 0 0 8 0 0 8 7 3 3 5 8 71 8 0 90 0 100 5 2 2 8 100 4 8 6 4 8 100 4 8 2 100 100 5 6 100 7 8 100 7 100 5 3 3 8 1 1 8 4 2 2 1 100 6 1 100 80 5 
100 8 1 8 3 7 4 8 6 5 0 8 6 8 100 79 100 2 3 4 6 100 25 100 5 0 0 2 5 100 4 3 7 8 69 1 0 8 2 7 5 4 100 8 7 3 5 3 0 1 100 8 100 2 4 100 1 2 4 100 7 4 6 0 0 4 3 4 0 100 2 4 8 100 100 6 0 100 1 5 7 8 8 8 100 0 7 72 
4 0 7 3 6 8 2 8 1 2 6 8 4 100 79 100 0 0 2 8 100 65 100 4 4 4 1 4 100 8 5 2 0 92 5 1 7 2 8 8 0 100 9 7 8 0 3 5 3 100 5 100 5 5 100 8 6 7 100 1 2 2 2 4 8 7 7 6 100 3 0 6 100 100 6 1 100 4 4 0 2 8 5 100 0 8 72 
6 8 100 100 4 5 4 7 2 100 0 3 6 2 7 100 3 4 2 7 7 5 3 2 1 3 5 7 100 100 7 0 5 100 14 1 5 0 100 7 1 5 6 3 4 100 7 0 7 6 7 100 19 7 12 2 0 6 3 0 2 100 20 6 1 2 2 5 5 100 15 7 4 6 0 2 0 6 45 3 7 100 6 2 8 3 
43 3 6 0 5 43 7 43 1 3 43 1 1 6 6 6 8 43 0 2 3 0 4 6 47 43 7 0 2 7 3 0 1 4 5 7 4 6 27 2 7 90 6 43 4 1 0 3 43 0 5 0 7 6 43 5 5 0 43 43 4 0 43 2 4 43 6 43 0 8 2 0 2 6 4 72 36 8 5 43 2 7 43 43 7 
8 1 0 6 100 2 100 4 0 100 0 5 8 7 0 1 100 3 1 0 8 2 6 51 100 0 5 0 4 3 4 7 2 5 4 8 7 27 0 2 46 8 100 7 6 0 3 100 6 2 7 3 0 100 8 4 4 100 100 7 8 100 8 3 100 5 100 1 2 8 6 7 8 6 4 36 5 8 100 8 8 100 80 4 
100 6 1 4 4 3 100 3 8 0 3 0 100 7 8 0 8 2 3 3 7 3 8 6 3 100 100 3 7 2 100 14 5 5 2 100 8 2 7 2 7 5 100 5 4 6 2 7 100 60 8 12 6 7 6 7 7 1 100 10 5 0 0 2 1 5 100 15 3 0 8 6 7 7 0 45 4 5 100 2 4 3 8 
7 3 6 8 0 100 7 5 1 0 2 100 1 3 0 4 1 3 5 8 6 5 0 2 100 100 5 1 7 100 14 5 1 4 100 3 2 5 0 7 3 100 6 5 8 8 6 100 19 7 78 8 8 2 2 2 2 100 76 1 0 2 5 2 3 100 15 7 6 6 4 0 5 6 8 7 8 100 4 7 3 0 
5 43 2 39 4 1 0 3 4 5 6 2 6 71 7 6 7 1 0 1 75 39 0 2 1 2 3 1 7 3 7 3 0 0 79 3 2 61 8 43 8 2 4 0 43 6 7 0 2 5 71 0 3 4 81 71 2 6 75 7 8 61 2 0 6 1 7 0 2 1 2 81 43 1 1 75 5 4 3 71 1 
0 82 0 3 100 0 6 5 3 3 100 100 8 6 7 7 100 62 100 8 1 0 1 0 100 100 8 6 5 100 100 100 4 5 7 0 0 100 3 3 58 74 3 5 2 1 6 6 1 2 63 2 100 4 4 3 5 6 100 100 4 2 6 7 8 4 1 2 59 5 8 2 0 100 7 4 2 7 3 0 
8 100 1 4 100 5 7 6 2 4 2 100 2 2 0 2 6 6 47 100 5 6 0 4 7 2 7 6 2 6 7 8 52 2 8 90 0 100 4 6 6 4 100 2 2 2 6 5 100 3 1 3 100 100 8 8 100 5 5 100 5 100 6 1 5 4 0 5 3 13 36 3 3 100 2 1 100 80 1 
5 6 82 7 6 6 3 6 82 82 2 7 3 3 82 29 82 1 3 0 6 2 82 82 8 0 4 82 82 82 2 0 7 0 0 82 0 6 58 74 5 8 8 2 7 3 2 8 82 2 82 7 1 0 7 3 82 82 2 3 5 4 2 5 0 3 78 7 2 6 3 82 3 1 2 1 0 7 
2 7 100 8 5 0 7 2 8 100 6 0 1 0 1 3 51 100 5 8 3 3 4 6 8 7 4 4 2 0 52 8 7 58 1 100 7 7 4 6 100 0 4 4 5 7 100 5 7 0 100 100 5 5 100 1 7 100 6 100 7 5 5 1 2 5 0 4 36 0 2 100 6 0 100 80 8 
1 8 6 4 0 100 0 3 8 7 8 0 0 3 2 4 7 4 100 100 5 1 2 100 95 2 0 2 100 5 4 6 3 2 2 100 7 0 8 5 7 100 19 5 53 3 7 8 8 0 5 100 77 2 3 0 2 4 8 100 15 5 0 0 4 1 8 5 45 3 6 100 7 6 4 8 
0 6 0 6 2 100 100 0 2 3 2 100 29 100 7 5 2 3 2 100 100 2 1 2 100 100 100 7 8 8 7 8 100 8 3 3 99 1 3 1 5 3 0 2 7 63 7 100 6 0 6 5 7 100 100 5 0 4 8 3 3 0 8 92 7 7 2 5 100 2 8 3 3 4 5 
8 5 1 5 4 8 100 2 2 7 5 0 8 51 100 3 1 0 5 0 1 8 0 7 0 8 5 27 4 4 58 7 100 2 6 2 4 100 0 4 8 8 2 100 1 6 1 100 100 6 5 100 1 0 100 5 100 0 5 4 0 2 4 5 4 2 1 1 100 3 6 100 80 5 
79 100 7 6 6 5 100 65 100 6 3 8 0 3 100 1 2 8 4 69 0 7 5 6 4 7 7 100 9 8 6 1 3 5 6 100 0 100 8 8 100 5 6 0 100 0 6 2 4 6 6 6 2 8 100 0 1 0 100 100 6 5 100 6 6 0 8 2 0 100 5 5 72 
79 5 0 7 7 79 79 79 6 3 1 3 8 79 5 5 4 8 61 1 5 3 6 4 2 3 79 79 0 7 7 3 3 6 79 7 79 7 6 79 0 4 3 79 3 2 5 2 5 7 6 3 1 79 2 1 8 79 79 79 4 79 4 6 4 8 4 5 79 6 7 72 
7 2 8 1 100 67 100 5 0 2 0 6 100 2 8 0 5 69 6 2 2 4 2 2 7 100 8 3 7 1 2 4 5 100 6 100 1 7 100 8 8 3 100 7 8 6 8 0 2 1 1 7 100 2 0 7 100 100 6 6 100 2 5 8 7 4 2 100 6 5 72 
1 8 1 8 2 2 8 4 5 7 7 2 100 100 1 2 5 100 95 1 1 2 100 2 0 3 8 2 2 100 1 3 8 6 1 100 91 0 74 3 8 7 6 6 3 100 20 2 4 6 6 5 8 100 15 2 6 2 6 0 4 0 45 1 3 100 7 4 0 7 
100 5 6 6 3 100 62 100 4 7 3 5 5 100 100 6 6 1 100 100 100 5 3 5 7 4 100 6 7 71 0 2 0 8 7 5 1 7 4 76 5 100 2 0 4 3 0 100 100 1 4 2 4 6 3 5 3 59 2 7 0 2 100 0 0 2 0 1 0 
5 2 4 8 100 62 100 1 6 2 5 0 100 100 8 2 1 100 100 100 2 1 8 1 1 100 4 3 3 99 4 7 4 5 6 6 4 1 63 0 100 5 6 7 7 2 100 100 7 2 6 1 2 8 4 1 92 6 5 3 1 100 3 5 2 2 0 6 
4 1 1 1 6 6 47 100 2 6 6 0 4 3 3 0 5 1 6 3 71 1 0 58 2 100 2 6 7 2 100 4 5 2 2 2 100 8 4 3 100 100 1 2 100 0 4 100 5 100 1 3 2 5 3 0 4 13 2 3 5 100 4 4 100 80 7 
65 100 5 5 4 4 6 100 3 0 4 2 92 5 7 2 1 2 7 1 100 9 5 2 8 4 5 6 100 1 100 4 3 100 5 8 2 100 0 7 0 5 5 7 2 0 7 100 7 7 7 100 100 6 1 100 1 5 6 4 4 3 100 3 7 72 
67 2 0 0 5 0 65 3 3 3 6 99 7 7 3 7 5 2 0 67 25 3 1 7 1 5 8 65 5 67 5 5 65 6 8 6 65 6 8 0 6 7 8 7 4 2 67 3 0 3 67 65 65 1 65 3 4 6 1 6 4 65 4 0 72 
5 8 3 1 6 100 3 8 8 5 61 2 8 8 0 6 0 8 100 8 0 7 4 8 3 8 100 7 100 4 0 100 5 8 5 100 8 7 0 7 4 3 2 0 2 100 2 4 3 100 100 6 0 100 1 1 4 8 8 5 100 8 3 72 
29 100 7 3 3 8 3 100 100 8 1 0 100 100 100 8 1 8 0 0 100 1 0 58 0 8 5 1 4 7 5 0 5 63 2 100 8 1 1 4 6 100 100 2 4 3 8 2 6 1 3 92 1 0 5 6 100 8 0 3 7 1 6 
29 8 4 5 5 8 62 62 0 7 4 62 62 62 4 3 3 6 3 62 4 7 62 62 7 2 2 0 7 2 6 6 29 0 29 1 6 0 4 2 62 62 6 1 4 2 6 3 8 0 78 1 7 3 4 62 6 5 2 7 8 3 
3 8 1 5 6 100 100 2 6 2 100 100 100 7 7 8 7 4 100 5 8 3 74 7 2 4 1 5 3 2 4 63 0 100 4 3 4 8 5 100 100 4 1 2 0 7 0 4 1 78 1 7 5 4 100 2 3 7 4 2 2 
47 6 5 5 5 3 2 8 6 1 8 5 6 71 2 3 47 8 51 7 6 3 7 51 7 1 5 0 3 51 1 3 1 51 47 1 8 47 0 4 51 5 51 5 1 7 7 6 5 7 72 47 1 7 47 7 1 51 47 0 
3 3 5 6 7 7 3 6 2 4 3 0 79 4 2 46 5 100 8 6 5 6 100 0 3 0 0 3 100 8 8 2 100 100 6 6 100 2 0 100 8 100 8 7 0 4 6 4 5 13 36 3 3 100 4 1 100 80 4 
1 2 0 4 46 4 7 3 2 5 4 2 100 8 3 7 8 6 7 2 100 4 100 2 8 100 4 2 8 100 8 3 6 2 2 4 5 4 4 100 1 8 4 100 100 6 1 100 0 2 1 6 4 7 100 8 1 72 
100 0 3 5 100 95 4 3 6 100 5 5 0 8 0 4 100 0 7 1 8 4 100 74 8 53 6 7 1 5 2 8 100 42 7 5 8 4 7 4 100 15 1 2 0 5 6 0 6 8 0 7 100 6 2 6 1 
1 6 1 100 95 1 1 3 100 6 1 8 8 5 7 100 7 0 7 1 3 100 60 5 78 1 6 1 6 1 7 100 10 2 8 4 4 2 3 100 15 0 1 4 8 6 2 0 8 7 6 100 4 2 1 6 
100 6 3 4 100 100 100 3 3 1 5 4 100 3 6 71 74 1 2 6 7 1 5 5 5 76 4 100 1 6 5 7 8 100 100 1 3 8 7 2 5 1 0 59 2 8 4 8 100 8 2 7 6 2 4 
2 7 5 100 100 100 3 5 2 1 1 100 8 0 71 99 8 2 3 2 1 6 0 0 76 1 100 3 1 2 0 5 100 100 1 1 2 6 0 6 5 5 10 0 8 5 3 100 0 6 8 5 2 4 
1 1 7 1 6 6 2 69 46 4 5 5 7 1 7 92 4 19 7 0 92 1 4 6 61 3 6 7 2 6 8 1 6 8 19 7 2 0 69 46 19 4 92 7 4 5 3 4 3 69 6 4 19 
95 4 2 7 100 2 6 8 8 4 5 100 8 8 4 0 7 100 60 5 53 7 4 2 7 5 6 100 10 1 1 7 3 2 0 100 15 3 0 6 5 3 1 8 8 5 5 100 7 5 6 3 
8 7 7 95 4 0 7 4 0 4 14 0 3 5 7 7 95 60 2 74 0 5 2 1 0 2 14 20 1 8 2 6 5 1 14 14 4 6 3 4 0 2 4 95 8 8 14 5 8 3 2 
100 100 7 2 2 8 6 100 2 1 71 0 4 1 3 4 6 6 8 7 76 0 100 8 3 0 4 1 100 100 8 0 5 0 2 5 7 0 4 0 2 8 4 100 6 4 3 4 8 0 
100 5 4 2 4 3 100 0 3 3 0 5 6 4 5 1 8 8 7 63 0 100 8 4 3 4 6 100 100 6 5 7 2 5 6 8 2 59 6 8 3 7 100 2 7 5 3 8 6 
3 8 3 6 0 100 6 2 58 99 1 0 7 2 1 3 0 2 63 5 100 5 4 3 5 7 100 100 3 1 6 8 5 8 6 6 78 5 8 1 7 100 7 8 3 7 0 1 
5 7 6 4 4 2 100 6 3 2 3 3 100 60 7 53 5 0 7 4 6 4 100 76 3 0 7 5 4 3 100 15 7 6 4 4 4 5 5 8 2 6 100 7 1 0 6 
3 4 27 2 79 7 5 8 0 27 4 2 7 5 4 27 0 8 2 79 52 4 0 27 6 3 79 0 79 5 5 4 8 4 7 4 52 71 4 3 52 4 8 71 79 2 
8 6 1 7 6 2 5 100 8 100 4 6 100 2 6 5 100 6 2 1 8 0 5 8 5 8 100 8 3 1 100 100 6 1 100 2 6 5 1 3 3 100 1 3 72 
6 2 4 6 6 2 8 7 8 3 7 9 6 7 8 8 4 7 5 4 0 4 3 4 8 8 2 1 7 8 9 9 1 9 0 0 8 7 4 6 8 3 6 72 
7 90 7 1 8 1 46 7 6 7 0 2 46 0 8 8 58 90 5 6 90 7 1 46 1 58 7 7 8 0 0 5 3 13 2 6 6 90 8 2 58 58 4 
6 5 3 40 5 7 0 7 0 8 5 4 63 4 100 8 6 8 3 1 100 100 6 7 7 0 2 7 0 7 4 0 0 0 8 100 4 5 1 8 2 8 
3 5 0 7 100 1 3 0 0 5 100 4 8 7 100 100 3 0 100 8 0 100 4 100 4 6 5 8 6 4 6 13 2 1 5 100 3 7 100 80 4 
4 6 8 4 1 100 74 8 12 8 7 0 2 2 0 100 76 2 5 7 4 6 6 100 15 5 6 2 3 2 8 8 8 0 3 100 4 1 8 0 
58 4 0 7 6 1 7 3 1 3 7 58 3 1 0 4 5 71 71 3 1 1 5 2 5 5 1 10 6 0 2 4 3 6 7 0 0 1 4 
3 6 4 5 3 8 3 4 40 4 40 1 0 3 4 0 99 40 8 6 0 7 3 6 6 8 78 0 6 2 5 0 0 3 8 4 4 6 
0 100 2 5 100 8 3 7 100 7 8 1 2 4 7 4 2 1 100 3 3 8 100 100 6 3 100 8 4 0 8 6 7 100 1 8 72 
6 1 5 0 1 100 3 4 0 100 100 1 0 100 4 1 100 2 100 1 4 3 7 7 4 5 13 36 3 0 100 4 1 100 80 2 
2 5 100 0 5 4 100 7 1 8 4 3 3 1 7 7 100 1 3 4 100 100 6 3 100 2 5 3 6 7 8 100 1 2 72 
60 1 78 1 5 2 2 5 3 100 20 4 7 1 0 5 8 100 15 7 1 5 5 2 6 7 8 4 8 100 4 7 8 5 
3 19 4 7 1 1 1 1 60 74 1 6 6 3 2 3 74 74 1 5 0 8 2 7 8 74 2 1 91 7 3 7 2 
1 1 6 100 0 8 0 5 8 5 4 5 1 100 1 5 1 100 100 6 4 100 2 1 0 1 0 0 100 4 5 72 
3 5 8 2 7 5 74 53 1 0 5 2 6 1 74 74 1 5 2 1 5 8 2 12 7 8 12 8 2 8 5 
6 5 6 100 100 8 5 100 2 7 100 5 100 3 5 8 5 1 8 3 4 2 6 5 100 5 1 100 80 0 
8 76 2 1 3 4 6 63 76 5 0 1 4 8 6 0 7 10 3 8 0 7 76 7 3 0 3 2 6 
8 4 8 4 5 4 0 4 7 100 3 8 6 100 100 6 2 100 1 3 5 5 3 6 100 5 5 72 
2 5 1 2 2 100 100 7 1 7 7 2 6 1 5 78 6 2 0 7 100 6 8 0 7 7 5 
100 6 6 100 4 7 100 8 100 7 6 2 7 1 0 0 4 36 4 2 100 0 1 100 80 8 
6 1 100 4 2 100 0 100 5 3 8 5 6 0 5 13 2 1 5 100 0 8 100 80 1 
42 6 5 5 4 2 3 100 15 6 4 7 5 5 3 4 8 8 4 100 0 7 8 5 
3 3 3 4 2 2 10 10 1 0 0 8 2 8 4 77 3 7 20 7 7 1 4 
1 6 100 6 100 5 2 1 1 3 5 6 4 2 0 7 100 5 2 100 80 1 
100 0 8 3 0 8 5 0 8 4 7 0 7 5 100 0 2 5 3 1 8 
4 4 2 0 1 5 5 8 10 3 7 3 0 100 3 3 0 0 3 6 
1 100 3 8 5 0 5 1 5 4 36 5 0 100 6 3 100 80 2 
6 5 8 100 100 6 2 100 8 3 6 8 1 1 100 5 6 72 
6 5 5 3 3 5 8 72 2 6 8 100 3 8 100 80 2 
15 5 3 5 3 2 7 7 8 7 1 100 2 6 5 2 
7 7 7 1 5 6 6 45 5 6 15 7 2 7 7 
100 6 5 100 5 2 3 3 8 5 100 3 0 72 
6 6 100 4 4 1 5 2 6 100 5 5 72 
3 6 6 7 0 3 4 2 6 0 7 72 
1 5 5 7 78 4 1 4 5 1 3 
4 2 3 7 1 2 100 8 2 72 
13 3 2 72 6 2 4 4 6 
8 5 36 7 0 2 36 0 
7 2 45 5 0 7 2 
2 7 1 0 8 8 
2 7 100 80 3 
6 6 5 3 
5 5 72 
80 1 
7 

