100 100
4 82 86 86 10 9 8 86 32 8 82 7 9 7 5 82 10 11 5 5 8 7 11 9 8 86 11 11 5 10 0 0 8 4 7 0 86 7 82 5 1 9 9 11 82 7 5 5 8 86 5 3 11 5 11 5 9 1 10 1 86 82 4 10 2 5 5 0 6 10 69 5 1 3 4 6 9 1 2 6 59 4 0 9 9 11 8 5 5 4 1 4 8 82 2 7 4 7 3 
4 11 1 27 27 8 5 3 2 9 11 11 1 27 4 1 96 10 9 2 89 78 4 11 5 1 8 36 8 36 5 0 7 6 4 0 7 1 2 5 1 3 36 6 7 7 10 75 8 8 0 1 4 6 1 89 6 75 10 7 2 2 3 7 7 9 78 96 85 0 10 7 8 8 7 5 0 0 1 0 96 3 9 8 85 7 75 9 8 11 2 11 11 7 3 2 0 7 
100 100 10 9 5 13 46 4 100 4 9 7 3 100 11 9 0 7 2 7 3 3 9 77 9 8 6 11 7 6 10 1 1 4 100 8 55 5 3 6 11 11 100 8 4 5 0 100 4 1 8 1 8 11 5 11 7 9 9 100 2 4 11 4 2 3 3 10 71 11 3 2 0 0 11 7 2 11 11 7 8 7 6 10 8 7 100 0 4 1 5 100 10 0 8 9 4 
100 5 5 10 13 32 4 100 5 9 7 11 100 9 4 6 6 3 7 2 0 3 8 10 2 8 1 0 1 5 10 6 8 100 1 55 11 10 5 7 5 100 6 8 6 1 100 4 8 6 10 6 10 6 6 5 0 9 100 8 7 2 10 7 0 5 5 71 11 7 11 1 3 6 0 2 11 41 2 0 8 3 3 9 3 100 1 9 5 3 100 11 8 8 4 11 
9 1 9 13 57 0 100 10 9 8 2 100 5 7 11 1 11 5 4 0 2 60 4 0 8 10 6 11 4 1 6 8 100 0 55 4 9 3 0 4 100 5 5 2 3 100 4 6 1 2 0 1 9 2 6 8 9 100 9 4 11 9 11 11 9 1 51 8 8 8 8 3 1 10 8 3 41 11 10 3 0 4 8 1 100 10 2 6 2 100 5 0 1 1 11 
100 6 7 6 1 6 10 8 4 66 1 6 100 8 3 7 100 92 0 10 6 3 0 100 5 100 6 2 0 5 5 9 4 10 1 11 8 6 15 6 3 5 3 100 7 4 4 0 10 11 7 100 7 100 6 10 0 11 8 3 0 14 100 100 88 5 5 7 6 11 0 3 8 4 8 11 4 7 3 3 71 7 77 5 4 10 1 8 1 0 7 2 2 5 
7 2 0 4 7 6 4 6 66 3 5 100 3 3 2 100 41 0 11 3 10 1 100 0 100 3 6 11 8 4 0 7 4 10 10 0 1 22 9 9 11 7 100 8 3 7 4 11 9 6 100 0 100 1 2 11 5 8 11 9 20 100 100 11 0 11 6 10 5 5 7 5 1 5 1 28 3 8 9 21 10 28 10 9 11 3 1 2 0 6 5 4 2 
3 1 1 6 4 10 1 3 4 100 6 100 100 100 11 1 8 4 5 100 1 4 10 11 6 100 11 11 7 0 5 3 100 100 1 11 5 0 7 11 100 1 11 8 100 100 100 11 0 8 4 6 100 0 3 3 2 5 2 1 6 4 1 5 0 4 6 1 100 5 9 100 9 5 7 100 5 0 0 11 0 9 10 100 100 4 3 10 100 7 7 10 
32 3 13 4 5 6 0 13 11 7 9 0 5 2 0 4 3 39 6 9 6 8 9 10 0 7 10 11 13 0 55 10 8 1 11 0 13 11 11 3 11 13 34 4 4 0 0 5 4 4 4 2 9 13 9 10 7 1 10 11 1 1 71 8 2 7 7 10 5 3 6 3 44 10 4 11 1 5 7 4 13 6 8 2 2 13 0 9 5 10 1 
8 57 7 0 4 2 32 6 10 4 0 11 10 7 9 3 98 0 6 9 5 6 9 4 6 4 2 98 5 88 10 7 3 3 0 32 10 6 10 4 57 57 1 7 10 7 9 4 11 5 2 98 32 1 11 3 7 5 8 0 10 46 6 5 2 8 2 3 11 6 7 11 10 1 3 1 0 10 1 98 0 2 5 7 57 11 10 9 9 4 
5 8 77 8 0 7 0 0 6 0 7 9 5 88 11 4 4 10 6 35 7 0 4 18 8 3 0 17 3 6 11 8 5 9 11 39 8 6 4 10 6 4 1 8 7 10 0 9 8 3 5 9 6 17 39 7 10 9 1 10 2 6 12 8 2 10 7 10 0 56 3 0 5 7 56 0 10 3 3 11 11 3 6 0 39 10 97 10 17 
5 11 3 0 100 4 1 4 9 7 8 5 11 5 29 8 4 11 0 7 8 3 4 3 7 100 6 55 5 0 10 0 10 100 2 3 2 7 100 4 9 0 5 4 9 10 8 7 0 93 100 7 2 2 2 0 6 3 7 51 5 7 3 3 7 7 2 0 11 75 4 9 4 5 5 0 10 100 0 8 11 4 100 8 6 5 0 2 
9 5 4 10 7 3 1 8 5 6 11 8 100 6 7 100 11 2 5 100 1 0 9 64 0 11 6 8 7 48 79 5 10 4 17 1 7 8 11 4 0 0 100 50 2 100 0 6 10 8 100 2 9 77 5 7 11 4 3 100 4 10 100 4 9 75 11 10 2 5 5 34 10 5 100 4 7 93 1 9 0 7 1 9 5 100 9 
39 1 1 7 2 6 7 8 10 3 50 2 9 10 5 2 16 10 9 9 39 24 8 3 39 11 0 7 4 9 0 7 77 11 1 5 10 7 3 6 7 10 8 11 2 11 4 10 7 9 77 16 10 7 10 4 3 9 8 49 24 5 8 16 3 4 77 4 6 6 7 39 5 4 7 9 1 0 3 0 2 24 11 67 8 24 
8 0 9 2 3 10 2 8 1 4 10 2 8 4 11 9 11 6 0 64 9 1 1 9 6 4 7 0 0 0 3 9 4 10 9 3 11 0 9 11 7 10 5 9 9 4 1 11 2 9 9 3 0 3 0 4 7 3 49 9 4 1 9 6 4 38 11 9 10 10 9 4 3 0 7 6 6 11 83 6 9 8 67 8 9 
9 4 66 1 5 7 66 41 1 1 5 11 0 66 1 66 7 7 1 8 9 1 11 11 0 1 6 8 87 10 5 0 8 66 11 10 4 10 4 6 10 66 7 66 2 2 11 8 11 9 2 14 66 66 30 8 11 6 11 4 4 5 2 7 10 9 23 5 7 3 66 11 65 7 1 11 7 3 9 4 11 0 2 3 
3 1 4 10 0 2 7 1 0 60 9 8 8 10 5 5 9 0 0 9 100 1 55 3 4 2 6 6 100 5 6 9 0 100 4 11 11 10 5 11 10 10 11 10 9 100 5 1 10 6 6 6 11 5 51 3 3 3 8 7 1 11 3 5 41 5 8 7 0 5 3 7 100 4 9 6 1 100 6 5 7 8 4 
5 100 100 100 11 1 11 7 3 100 9 8 10 0 5 100 11 1 0 9 11 11 100 100 10 4 7 0 1 4 100 9 1 3 100 100 100 3 11 6 8 11 100 7 7 11 1 7 9 9 7 4 5 2 2 11 5 10 100 9 9 100 4 7 1 100 3 9 0 2 9 3 10 100 100 9 11 6 100 11 7 8 
5 9 4 100 40 8 0 4 8 3 100 8 100 10 3 6 11 10 1 11 3 11 3 8 10 27 4 11 8 7 100 2 6 7 1 6 11 2 100 0 100 2 4 11 10 3 1 3 65 100 100 30 0 10 2 0 7 4 9 0 2 1 6 23 8 1 0 90 1 65 0 0 3 1 11 3 8 4 5 9 4 
100 100 8 6 1 2 4 100 6 6 2 11 9 100 2 10 3 3 6 4 100 100 8 7 1 2 9 5 100 11 8 4 100 100 100 2 2 6 7 5 100 9 8 4 3 7 9 1 6 0 0 5 4 1 3 7 100 10 2 100 9 0 7 100 3 3 0 9 5 7 10 100 100 2 0 3 100 10 4 3 
100 4 4 9 9 11 100 8 3 9 1 7 100 6 11 4 9 1 5 100 100 3 9 11 5 3 2 100 4 6 8 100 100 100 2 11 11 11 6 100 5 1 8 9 5 2 1 6 0 5 7 1 5 8 9 100 9 2 100 4 6 2 100 4 5 10 11 9 6 3 100 100 2 11 4 100 0 1 3 
9 4 11 4 3 100 4 5 4 4 0 100 8 8 0 7 7 9 100 100 9 0 10 6 1 10 100 0 10 7 100 100 100 0 7 10 9 10 100 2 2 9 3 0 5 9 3 6 4 2 3 6 4 9 100 6 3 100 5 5 0 100 4 0 10 1 0 8 2 100 100 1 11 4 100 4 9 8 
40 3 3 2 11 10 100 9 100 1 3 9 6 2 5 8 5 5 4 8 8 64 4 5 2 4 100 3 3 7 6 7 0 3 100 1 100 8 9 4 6 10 7 6 80 100 100 14 10 1 8 6 1 9 1 10 10 6 11 28 10 8 1 90 1 71 6 4 4 1 0 9 4 0 8 6 7 
0 10 6 10 2 40 5 92 9 1 10 11 4 6 11 2 5 11 7 7 84 10 11 6 11 41 7 1 9 11 1 4 6 92 7 18 9 5 8 6 5 3 4 93 40 92 30 5 3 2 9 1 0 8 2 0 10 1 18 5 11 7 41 9 45 0 1 4 7 1 3 1 2 10 7 10 
10 7 10 5 1 63 8 4 6 4 63 1 10 88 8 3 2 10 9 0 3 63 2 11 9 3 8 10 4 4 4 0 3 3 0 6 9 10 2 4 4 10 6 10 4 3 10 2 43 4 5 4 63 6 5 4 5 5 2 6 88 11 8 2 10 2 7 9 67 9 50 4 28 10 50 
9 10 100 2 3 9 100 7 2 11 64 9 9 9 3 9 19 56 0 8 11 61 5 1 9 4 4 2 2 100 50 8 100 6 5 7 9 100 5 6 20 2 9 9 5 11 100 7 10 100 6 6 75 0 2 1 6 8 7 10 1 100 5 10 84 6 10 11 6 10 8 5 100 9 
9 2 10 2 11 2 11 5 9 3 8 0 8 6 2 7 0 7 15 8 0 8 3 15 29 8 3 4 2 1 2 0 10 2 77 60 0 6 6 7 3 4 8 2 51 6 9 11 10 0 3 2 1 6 44 9 11 1 4 8 11 11 60 11 8 3 5 85 8 5 3 1 1 
3 3 4 3 9 100 10 4 3 3 0 9 100 100 1 1 7 0 11 7 100 1 11 7 100 100 100 4 5 6 3 11 100 8 4 7 7 9 2 7 11 2 1 1 8 3 2 6 100 5 3 100 4 2 8 100 8 0 9 8 5 2 10 100 100 8 6 11 100 7 7 1 
9 5 0 100 11 8 4 52 2 8 6 11 0 87 24 8 11 2 17 8 2 3 11 8 0 10 100 50 8 100 7 3 11 6 100 4 0 20 11 1 8 5 3 100 8 6 100 5 9 75 8 9 2 7 11 34 3 7 100 10 4 12 6 0 9 9 5 6 6 100 5 
10 100 4 11 4 4 1 9 10 2 7 1 1 8 15 4 8 2 11 100 0 6 4 11 5 1 0 100 2 100 1 0 4 0 11 11 0 18 100 100 14 6 11 0 10 7 4 10 7 8 10 9 23 1 5 10 21 11 85 5 11 2 4 11 5 4 2 1 1 2 
1 9 2 64 100 2 0 100 7 11 6 10 8 5 6 100 3 9 5 5 3 5 2 7 10 1 9 11 4 4 6 10 4 52 100 4 5 6 5 3 7 8 5 100 2 11 100 10 0 38 0 4 3 4 100 0 0 3 0 4 0 5 83 0 100 1 97 9 100 
6 0 2 5 0 1 9 1 7 6 8 0 84 9 10 0 6 100 3 6 6 0 11 10 0 100 7 100 10 7 3 6 1 0 8 9 100 100 11 5 7 4 7 7 5 0 8 11 7 10 23 6 0 10 90 4 64 11 2 4 10 1 10 10 6 8 3 2 
8 11 9 64 3 0 8 1 9 87 47 4 10 3 61 2 11 3 2 11 0 10 100 50 11 100 5 3 11 2 100 2 5 34 0 0 6 0 11 100 7 9 100 2 10 75 5 10 8 9 1 34 6 9 100 5 4 93 0 3 3 0 9 1 4 100 2 
6 5 9 8 3 3 100 100 0 1 9 10 7 4 100 7 3 1 100 100 100 10 3 7 2 3 100 9 8 1 1 8 2 0 7 7 1 11 9 1 5 7 100 3 11 100 7 0 5 100 8 0 11 1 1 4 4 100 100 4 4 1 100 7 10 8 
97 3 5 64 10 11 6 2 11 3 7 64 9 3 2 8 5 4 1 3 2 4 10 8 6 1 3 11 0 64 18 2 3 4 11 6 0 1 5 18 2 6 64 10 3 64 5 5 8 2 97 5 6 1 9 5 2 11 65 10 18 4 91 1 64 
1 10 100 5 5 0 5 4 9 10 100 2 6 7 9 4 5 10 3 3 9 7 10 7 8 5 9 8 19 100 4 8 10 11 3 2 0 26 100 4 2 100 7 1 38 1 10 3 10 100 8 10 7 2 4 10 1 83 2 100 2 91 5 100 
2 1 0 1 9 19 79 11 9 0 6 3 6 11 4 8 1 0 64 52 5 30 10 4 5 3 64 7 6 34 3 11 11 5 1 64 0 8 30 5 7 52 5 5 4 2 3 52 8 4 64 4 7 84 8 2 4 8 10 8 4 64 11 
11 55 0 5 10 3 1 100 3 11 3 10 100 4 0 3 11 8 2 8 9 8 6 9 100 3 2 2 5 5 1 3 10 51 6 11 11 1 7 2 11 5 8 45 0 0 6 2 2 7 4 100 1 5 3 0 100 5 1 5 8 6 
10 8 4 8 5 2 0 100 2 5 4 6 9 0 2 11 4 11 11 0 0 10 2 8 0 19 100 10 1 11 4 9 11 4 26 100 6 7 100 4 7 38 2 6 11 1 100 0 6 8 7 4 1 0 6 3 100 9 67 2 100 
1 9 10 9 9 55 6 2 6 5 55 34 8 6 3 9 7 1 2 3 0 55 55 8 8 8 6 10 2 2 11 71 8 1 2 1 4 4 8 5 5 41 9 11 3 4 9 2 2 55 9 7 11 1 55 11 10 5 0 5 
100 0 5 3 7 2 1 100 7 9 2 100 100 100 7 8 3 7 3 100 8 7 10 0 0 0 5 10 6 9 6 4 3 11 5 100 8 11 100 6 2 11 100 7 6 8 2 6 2 2 100 100 11 11 7 100 9 9 0 
6 9 1 2 4 1 100 9 8 5 100 100 100 5 7 11 3 11 100 0 5 0 4 6 3 5 0 10 4 6 4 7 2 1 100 1 11 100 0 8 8 100 8 7 5 0 5 3 4 100 100 2 6 11 100 10 1 10 
95 3 4 5 85 8 6 1 3 10 3 11 85 87 0 87 4 2 0 1 19 10 9 20 4 0 6 0 6 95 3 8 48 4 10 87 9 3 4 8 6 19 8 0 87 11 3 43 0 9 2 1 3 3 8 48 11 
10 10 6 47 10 6 2 9 4 0 1 24 79 10 24 8 3 5 6 47 0 0 91 5 0 7 11 3 47 3 2 6 1 3 6 7 1 5 6 11 47 10 8 56 5 7 12 1 1 1 5 7 4 10 24 11 
3 2 11 6 27 3 4 8 4 9 2 4 27 7 15 3 6 7 0 2 1 2 65 27 87 22 0 6 9 1 3 4 5 7 8 10 0 27 11 10 9 84 2 95 4 5 3 9 8 2 9 4 10 0 11 
0 0 7 1 100 4 11 4 8 5 9 3 6 3 1 93 100 4 3 9 6 8 3 3 3 69 0 5 2 7 3 3 4 10 4 45 9 11 2 8 10 11 0 100 1 7 2 2 100 9 3 8 4 0 
5 5 5 1 2 5 8 11 0 5 2 6 2 9 4 0 7 52 100 9 1 9 8 4 7 0 49 100 4 2 100 4 7 38 3 6 9 4 100 7 10 5 6 4 4 5 0 0 100 7 80 2 100 
1 6 3 8 0 3 1 6 6 2 17 3 1 0 3 88 11 11 47 7 0 6 1 8 88 10 11 88 6 5 6 11 2 1 2 2 12 4 4 13 0 7 93 11 2 2 8 0 4 3 17 4 
10 4 2 100 100 100 2 3 7 5 10 100 3 2 7 6 11 4 10 6 2 6 10 5 3 8 1 100 6 6 100 0 5 0 100 11 8 11 2 10 6 7 100 100 1 8 1 100 1 0 4 
1 6 11 4 2 8 4 100 0 100 4 0 8 7 10 11 10 20 100 100 14 4 6 9 11 0 8 0 4 6 1 8 23 4 11 11 21 5 64 11 0 5 2 6 9 9 7 0 10 4 
34 4 7 6 1 1 2 0 7 11 93 100 8 1 10 4 4 4 7 0 51 3 6 4 5 11 0 1 1 10 11 5 5 2 2 2 6 7 100 6 1 3 9 100 9 0 11 3 9 
0 7 4 10 11 10 7 9 8 34 34 3 8 2 3 2 7 9 4 71 4 1 7 10 11 3 5 4 6 75 5 1 4 6 0 3 10 4 3 3 8 1 4 6 3 9 1 11 
100 100 6 3 0 11 3 100 10 0 1 7 7 5 3 2 2 8 7 1 1 11 0 100 2 4 100 10 6 3 100 6 10 8 0 5 0 1 100 100 7 0 2 100 8 8 7 
100 11 10 2 3 4 100 6 1 8 4 1 3 11 6 3 10 7 11 7 3 5 100 1 2 100 5 1 10 100 3 2 3 6 3 2 8 100 100 6 1 2 100 5 7 0 
7 4 3 8 10 100 10 1 9 10 3 5 8 5 0 8 8 7 1 9 10 100 6 7 100 4 2 0 100 3 5 11 0 6 11 4 100 100 11 4 5 100 0 9 0 
50 9 100 8 1 3 7 100 5 6 91 9 1 11 3 1 100 4 0 100 11 8 75 10 1 6 1 9 7 6 5 100 11 0 70 1 3 0 10 7 5 7 100 11 
11 50 3 10 1 9 50 10 0 20 9 7 1 7 6 50 10 6 50 0 7 50 5 9 11 1 11 34 7 2 50 7 6 70 8 3 2 0 4 4 2 50 10 
9 100 3 7 11 4 8 8 6 93 100 100 30 1 11 11 0 4 5 6 6 9 2 10 4 2 1 6 71 8 71 3 8 8 4 7 10 8 4 2 2 3 
2 2 10 6 100 5 7 34 11 1 10 5 9 100 8 7 100 6 4 75 8 5 4 5 2 7 8 8 100 3 10 70 7 3 6 10 8 3 9 100 11 
11 9 9 11 8 0 1 20 100 100 88 0 3 1 11 3 6 10 10 2 3 5 23 4 9 10 71 6 71 5 1 11 7 8 8 5 6 6 5 9 
5 8 1 11 0 7 10 9 0 10 1 2 8 9 1 100 2 2 100 3 11 3 100 3 0 3 6 10 2 4 100 100 1 9 2 100 6 10 9 
9 0 1 4 8 2 5 3 3 51 7 6 4 0 0 7 4 9 7 41 0 7 0 4 5 5 11 9 11 8 9 9 9 4 11 0 11 2 
8 2 11 8 7 11 1 5 69 1 1 7 6 4 8 9 3 9 45 5 3 11 6 6 0 5 100 1 1 4 7 100 9 6 7 10 10 
6 4 47 1 4 7 3 6 100 10 3 100 11 11 75 3 2 3 6 11 7 10 8 100 11 10 76 9 9 0 6 9 5 8 100 6 
24 2 0 1 4 6 3 7 26 52 3 3 24 6 10 38 8 2 2 10 24 11 10 7 3 5 3 6 83 0 24 0 28 10 52 
0 11 11 2 6 1 9 5 100 3 4 100 7 9 38 1 3 5 0 100 5 4 6 10 1 0 7 15 0 100 8 28 3 100 
9 11 7 6 2 47 10 11 77 1 0 91 1 2 2 7 9 20 1 6 91 2 7 76 9 7 10 2 9 8 0 91 9 
80 9 18 7 3 6 5 2 6 6 0 1 8 9 45 10 5 9 65 5 20 3 2 3 2 3 5 8 9 2 0 7 
100 11 10 7 8 0 5 9 3 9 10 0 1 4 4 11 1 90 10 65 8 4 1 3 4 0 2 3 3 9 6 
88 1 2 4 1 11 4 6 4 8 1 4 28 10 6 3 90 1 65 1 3 10 3 10 0 1 5 2 10 5 
5 4 9 6 4 8 4 7 8 3 5 11 0 8 8 14 10 64 10 11 11 5 10 7 1 4 11 4 1 
7 0 2 10 9 6 3 9 7 37 9 6 3 5 11 8 3 71 1 7 10 5 51 2 3 0 4 1 
3 7 100 3 11 75 1 10 7 10 6 7 8 5 100 3 6 84 4 1 9 4 11 8 4 100 1 
12 0 1 49 3 4 43 6 7 4 4 49 3 0 5 8 6 5 1 15 10 12 11 80 10 49 
6 2 100 2 6 38 6 6 9 1 100 8 2 8 8 11 7 6 15 9 100 9 91 7 100 
6 7 75 4 11 11 3 5 7 9 5 100 11 0 70 6 8 7 8 10 1 6 100 6 
8 4 100 7 0 0 100 5 4 8 0 4 10 6 100 100 1 1 11 100 10 0 4 
5 9 38 6 0 5 5 100 4 4 0 3 4 0 11 12 8 100 0 28 3 100 
9 8 3 0 1 7 5 1 75 9 10 70 6 10 7 3 10 2 1 75 6 
2 4 2 100 1 3 7 9 3 2 4 100 100 5 3 6 100 6 10 5 
9 8 7 9 38 8 1 10 0 8 3 7 65 0 38 5 28 4 38 
2 10 2 7 6 10 1 11 3 3 7 8 18 8 6 3 0 2 
5 3 2 4 10 85 11 8 1 3 2 6 5 0 7 6 11 
8 7 10 1 6 7 9 100 100 3 0 1 100 3 0 9 
3 6 34 0 9 84 6 10 9 1 1 5 9 34 1 
0 6 9 1 8 6 8 12 5 100 10 80 7 100 
6 65 9 4 10 0 0 8 4 5 3 9 6 
9 5 70 5 5 9 1 8 9 3 100 10 
1 6 4 0 5 9 1 8 3 10 5 
5 3 7 10 100 8 9 2 9 7 
9 4 3 4 6 5 0 84 10 
100 4 4 1 100 4 0 4 
6 10 2 100 8 11 7 
0 15 3 57 6 65 
5 5 9 11 2 
10 67 8 100 
9 0 1 
0 57 
2 

