100 125
1 2 5 7 125 125 10 0 125 7 4 1 2 4 0 9 5 6 41 6 6 125 5 0 5 8 4 2 6 60 110 0 5 6 6 8 1 115 0 3 0 4 8 2 7 51 3 125 7 1 4 1 6 2 125 104 3 5 11 5 9 3 106 5 8 5 3 125 1 1 125 42 3 10 125 10 2 3 7 7 55 5 10 11 2 3 8 2 0 4 9 10 4 1 9 3 0 9 6 
4 0 10 0 5 125 0 6 123 0 9 4 7 7 8 4 35 8 5 3 3 7 7 11 85 8 11 94 5 2 3 2 125 9 125 3 8 2 3 5 6 5 10 67 6 4 11 41 10 4 7 0 0 8 6 5 9 4 1 5 10 6 1 73 11 5 5 125 7 5 4 125 9 10 9 10 125 125 1 11 5 125 125 9 89 7 4 5 1 125 7 10 2 9 9 11 20 1 
9 10 10 1 8 125 9 2 1 9 0 0 0 1 125 4 0 1 4 11 125 5 6 9 10 3 8 2 4 3 8 4 125 11 125 1 125 125 7 7 2 0 9 11 5 5 7 10 125 9 6 125 11 7 5 2 2 0 125 125 2 8 3 3 1 6 5 3 1 2 6 125 3 10 8 11 7 125 2 125 9 0 125 6 125 11 5 7 11 5 125 125 125 3 1 6 9 
6 1 2 11 6 11 8 3 3 125 0 114 1 6 6 11 65 3 2 6 2 59 11 9 4 7 11 4 9 10 9 1 2 8 9 4 9 125 2 9 3 7 8 34 7 7 120 6 10 125 7 10 6 6 11 6 125 6 3 0 6 10 115 4 0 3 125 0 9 11 0 11 2 31 11 8 11 10 9 0 1 8 11 0 125 0 53 3 125 9 6 10 94 21 11 125 
8 6 0 2 6 11 21 25 2 25 10 25 9 7 3 10 46 1 9 25 0 0 2 25 11 10 11 25 25 5 10 11 1 10 9 0 9 25 1 17 1 0 8 6 9 0 5 25 3 10 4 1 25 25 49 0 8 3 11 82 7 3 58 9 11 0 9 3 9 4 6 74 2 10 10 5 1 0 4 5 8 9 5 7 54 11 9 2 10 0 11 1 8 1 8 
125 10 1 125 4 2 11 6 7 6 2 0 11 41 11 8 125 8 5 4 10 7 8 0 5 65 6 6 11 0 3 10 121 2 11 3 6 3 2 11 51 8 125 4 7 0 4 2 0 125 104 2 3 10 2 4 9 106 9 10 5 11 125 2 1 125 7 8 2 125 1 9 3 11 4 94 3 1 10 2 7 1 0 3 9 11 9 6 7 7 3 6 4 0 
0 3 125 3 10 8 1 8 1 6 8 8 87 8 8 125 10 7 4 10 7 2 10 5 110 7 5 10 1 0 11 115 2 7 6 2 8 3 6 51 5 125 5 11 9 8 8 6 125 104 2 9 7 8 6 11 24 11 8 8 6 125 1 5 125 7 4 11 125 4 8 0 6 0 55 4 0 7 3 1 7 5 0 5 1 2 10 7 0 5 5 1 2 
2 9 3 7 1 8 1 8 11 9 35 5 2 1 2 6 1 0 85 11 4 75 11 6 2 3 125 5 125 11 11 1 7 4 2 2 6 116 6 3 3 41 4 8 9 7 10 2 10 9 10 5 10 5 1 0 7 73 3 5 9 125 7 3 9 125 11 11 5 4 125 125 8 4 7 125 125 5 100 11 7 0 7 125 0 11 6 9 5 4 77 1 
7 1 2 9 2 3 11 0 125 2 1 9 0 10 125 3 11 5 9 9 3 9 2 8 2 9 125 4 125 7 125 125 2 8 5 9 9 1 1 7 3 3 125 8 0 125 9 3 11 10 1 4 125 125 6 1 7 0 1 2 7 5 6 0 11 125 4 8 9 9 6 125 0 125 2 6 125 4 125 8 4 11 6 1 125 125 125 4 6 0 0 
11 9 5 1 5 6 1 7 11 41 4 10 125 9 3 5 7 1 9 8 5 70 7 6 6 2 4 9 99 8 11 2 6 3 8 7 30 4 125 5 7 0 2 5 11 125 104 6 4 10 2 6 0 106 4 2 3 5 125 8 7 125 42 6 4 125 9 1 8 1 9 12 5 5 0 3 1 3 8 4 10 7 3 6 9 0 0 8 11 1 
10 9 11 2 9 3 9 2 8 6 11 9 8 0 6 68 5 6 123 11 2 11 8 87 5 115 8 10 7 5 6 2 7 2 3 3 3 8 2 7 3 8 2 10 9 6 0 5 4 3 4 1 0 2 27 0 4 4 27 6 4 8 123 7 7 6 3 68 45 10 8 8 45 27 8 87 2 5 0 5 45 3 3 6 1 6 1 77 2 
41 2 41 5 18 2 2 1 1 6 10 8 18 8 3 6 48 5 7 2 75 41 4 7 8 5 7 9 8 5 75 1 17 11 4 10 3 8 9 3 41 5 6 1 2 48 48 75 2 6 11 10 75 5 0 18 7 10 8 7 10 7 1 9 74 5 5 6 7 7 0 7 1 5 11 3 11 21 10 11 1 0 7 5 5 6 4 10 
11 125 6 125 10 4 8 3 30 11 6 125 7 2 10 125 2 8 11 125 125 11 3 10 9 5 10 6 2 125 3 114 5 1 4 1 5 7 1 125 4 11 5 10 125 125 38 6 1 6 10 82 6 3 58 5 6 8 11 1 0 10 7 56 9 5 4 3 2 6 4 11 3 7 8 3 54 11 8 3 8 11 2 2 5 4 7 
7 20 10 10 6 1 65 10 1 4 11 30 6 9 1 8 0 0 11 10 2 11 2 2 8 3 10 125 4 4 7 6 9 43 2 5 81 3 11 125 8 11 6 6 0 6 125 9 4 7 8 10 115 9 4 5 125 1 4 1 3 6 0 31 6 5 8 6 6 6 0 5 1 5 125 5 88 0 125 4 4 3 13 21 4 125 
9 125 6 7 2 5 42 1 10 125 8 3 11 125 3 8 4 125 125 1 1 3 6 7 3 4 4 125 5 114 2 2 3 3 2 3 6 125 3 11 3 4 125 125 93 10 1 7 0 82 10 3 58 3 0 1 8 1 0 8 1 74 9 1 10 8 4 6 3 8 0 1 5 10 54 5 4 11 0 3 10 5 4 11 11 
0 2 6 2 56 3 9 8 4 114 9 91 8 7 11 5 1 6 7 7 6 11 0 10 0 91 8 3 5 9 2 20 4 0 81 3 10 49 2 11 10 8 3 8 49 4 3 7 7 2 49 8 1 11 114 4 9 10 4 11 5 91 7 9 10 10 8 8 1 0 2 7 20 3 44 6 56 9 6 9 114 56 2 91 
5 11 11 8 6 8 3 125 8 3 4 125 5 11 2 125 125 2 9 11 5 11 9 4 10 125 1 114 5 7 7 2 6 10 11 125 0 6 7 9 125 125 49 4 4 3 2 82 1 11 58 9 8 5 2 7 3 6 1 56 7 5 4 5 2 11 6 4 0 1 1 7 54 2 9 9 5 10 7 3 1 2 1 
6 10 1 8 9 125 10 6 4 9 1 8 8 0 5 10 6 125 4 125 8 125 125 1 11 3 4 6 11 9 6 1 7 125 0 6 125 11 11 2 10 6 2 125 125 7 7 0 10 10 4 4 9 7 4 4 125 10 4 11 11 5 125 5 125 10 2 125 7 125 8 4 8 6 11 125 125 125 4 9 7 3 
7 0 5 7 5 1 8 83 7 4 83 9 6 2 2 5 0 39 3 11 0 5 1 8 9 10 39 0 0 1 5 8 0 8 4 0 3 5 11 1 3 0 5 10 9 6 5 11 5 9 35 3 6 2 5 10 7 7 6 39 39 9 8 1 39 83 2 35 0 4 3 8 35 7 9 7 2 9 9 86 1 
7 9 87 0 0 11 4 4 3 4 87 0 0 8 9 8 6 11 99 11 6 2 1 3 4 5 30 3 41 1 4 7 3 9 4 87 104 11 5 9 9 9 5 24 0 11 8 9 87 9 2 87 67 0 8 41 7 6 10 9 8 7 2 2 8 1 5 6 11 8 5 2 11 11 7 10 3 11 10 5 
3 10 11 8 59 2 9 2 4 0 4 0 4 4 8 0 11 0 7 6 65 9 11 5 9 7 23 5 9 6 10 1 65 10 3 2 5 3 3 65 5 4 3 9 8 87 9 4 7 65 8 11 11 9 8 8 31 11 0 6 8 11 3 11 2 5 0 65 1 8 1 65 3 4 6 94 21 10 65 
2 0 42 11 4 11 42 2 8 6 46 30 5 9 0 3 10 5 2 9 57 6 114 4 9 0 2 10 6 1 42 2 9 8 10 46 30 57 7 10 7 1 46 6 3 42 10 10 8 4 5 11 1 3 30 7 8 6 3 5 2 5 10 0 4 9 11 113 0 2 2 3 2 1 7 5 5 0 
2 10 4 1 1 8 9 52 111 5 4 11 11 6 3 115 0 1 11 7 8 6 11 51 2 125 6 7 8 6 10 1 125 104 9 9 2 4 8 9 24 9 3 1 9 125 0 3 125 7 4 6 125 3 4 9 8 7 64 9 6 4 1 8 0 1 8 6 8 2 5 6 9 6 10 8 3 
11 2 2 8 3 2 8 11 6 2 1 125 5 125 2 125 125 10 4 11 4 10 11 9 2 1 9 125 8 1 125 4 9 6 3 9 4 125 125 2 9 10 6 5 6 2 4 5 4 4 125 5 0 0 11 7 125 11 125 3 1 125 7 125 4 5 5 8 5 125 125 125 0 11 7 7 
11 0 3 125 8 3 6 125 125 4 7 4 1 8 0 4 7 125 6 114 8 8 2 11 0 11 4 125 3 6 4 5 125 125 38 0 1 9 0 82 5 8 58 6 10 6 2 3 9 5 11 61 8 6 8 1 2 0 1 10 4 3 0 10 54 10 9 5 1 8 5 2 2 8 8 
0 9 1 8 8 7 7 7 1 5 0 9 2 11 0 30 10 9 1 6 4 45 5 10 21 6 4 30 9 9 0 8 10 0 59 1 1 1 5 5 115 8 3 5 30 2 1 3 8 3 9 59 1 8 6 8 0 8 3 6 3 7 59 4 44 0 59 0 6 10 41 21 1 30 
10 0 94 10 7 5 8 85 8 85 3 1 10 7 3 6 6 7 67 1 4 0 85 5 8 7 8 9 8 10 11 6 5 1 6 3 8 9 73 5 9 3 85 0 4 5 85 9 7 3 4 85 85 8 11 6 85 85 11 85 3 7 7 11 85 1 1 0 11 2 7 76 3 
10 10 10 2 9 11 7 6 9 9 1 0 10 9 5 11 8 8 8 43 11 1 120 11 2 9 9 4 8 4 0 10 9 5 1 3 9 11 87 3 8 0 9 11 2 4 3 10 6 9 3 4 9 3 6 4 11 0 6 10 9 3 27 7 9 10 8 4 94 21 8 9 
3 11 5 125 125 8 0 7 2 1 10 4 11 125 2 17 5 5 8 7 11 0 0 125 8 7 7 10 125 125 93 0 5 6 8 82 1 7 58 6 4 7 3 9 6 5 1 8 0 1 9 1 1 5 11 10 10 8 8 11 54 11 5 9 0 3 10 3 9 8 9 
0 2 9 2 75 1 75 9 8 3 0 0 10 6 9 52 10 8 5 75 11 3 8 9 4 1 3 3 7 2 4 1 9 7 0 73 8 4 5 75 2 11 5 94 6 2 3 9 94 64 6 4 1 75 94 7 64 11 7 7 10 75 1 0 4 8 3 10 20 6 
63 10 6 2 4 3 1 121 2 5 1 5 114 5 5 30 0 60 8 8 3 9 6 8 52 104 5 1 4 4 7 7 81 4 5 0 6 5 6 0 5 119 3 3 60 2 2 2 4 8 55 10 2 9 11 9 1 1 8 0 2 6 7 6 8 10 3 4 2 
0 6 10 9 10 0 110 10 0 1 5 70 0 2 63 7 70 6 1 5 2 1 9 84 0 8 5 0 11 5 0 65 0 1 8 9 110 5 8 84 87 8 0 111 10 11 9 2 5 111 6 0 3 3 2 11 4 4 6 4 1 8 9 8 0 8 1 6 
125 5 11 7 11 11 8 1 5 125 10 17 8 1 11 3 0 6 10 125 4 9 7 7 125 125 49 0 1 3 0 82 4 4 58 9 9 9 3 9 4 7 7 61 8 2 10 7 1 10 8 11 9 3 11 1 54 3 9 3 10 7 6 11 3 10 11 
11 9 9 0 11 6 2 4 125 0 114 11 3 11 10 7 3 3 125 6 8 2 0 125 125 49 8 8 6 1 82 1 8 58 11 5 3 0 0 11 10 1 8 7 5 10 8 9 10 0 7 7 11 4 2 54 5 2 9 1 6 10 4 5 6 5 
4 125 6 2 9 9 2 9 2 1 116 1 8 2 41 4 8 9 2 4 10 8 5 1 3 3 3 7 0 1 73 4 7 8 125 1 5 6 125 7 9 10 9 125 125 1 6 8 125 125 8 23 3 5 9 4 125 4 10 7 8 1 4 77 3 
9 125 8 125 125 6 3 8 10 10 5 4 2 7 2 125 2 4 125 9 2 11 10 9 3 125 125 4 3 7 8 10 4 8 7 2 8 2 125 0 9 4 7 1 125 10 125 1 8 125 9 125 8 9 1 4 4 125 125 125 11 4 2 5 
5 2 7 5 7 8 9 0 116 4 6 6 41 6 11 4 0 5 8 2 0 2 8 5 1 9 9 5 73 2 3 9 125 1 6 11 125 1 8 9 11 125 125 4 11 5 125 125 5 23 10 1 8 5 125 8 4 8 0 1 11 11 2 
10 125 125 6 2 6 8 7 5 7 8 5 1 125 10 3 125 7 0 7 3 4 9 125 125 9 0 6 5 10 4 6 2 7 8 5 125 5 10 3 4 4 125 7 125 10 0 125 6 125 1 5 3 9 0 125 125 125 1 3 3 11 
7 11 7 1 20 0 4 115 8 99 9 5 9 10 1 8 121 53 2 9 4 0 1 0 81 5 2 10 9 115 4 0 115 7 7 5 121 10 2 7 9 6 94 11 9 10 8 4 1 2 11 3 10 1 8 9 8 7 2 10 0 
125 0 11 5 5 3 2 5 4 9 8 125 7 6 125 3 8 0 5 3 2 125 125 1 4 7 6 10 10 2 3 0 10 7 125 7 3 4 1 11 125 7 125 6 5 125 11 125 8 3 3 9 9 125 125 125 4 10 9 2 
9 5 11 9 11 6 9 7 3 2 125 1 5 125 5 4 8 1 0 4 125 125 3 2 8 4 0 0 11 7 10 5 9 125 8 7 5 5 5 125 9 125 4 1 125 4 125 5 8 8 3 11 125 125 125 3 7 7 5 
9 5 6 11 0 34 9 8 11 11 2 125 0 1 10 7 11 0 125 4 5 5 9 1 87 3 1 6 125 3 6 2 0 11 10 31 1 5 4 9 2 0 11 3 3 4 125 1 8 7 125 11 10 7 13 124 7 125 
6 17 7 8 9 9 9 8 6 125 4 1 8 9 125 125 38 10 3 8 2 82 8 3 58 10 6 0 10 2 8 0 7 74 1 5 7 2 11 7 3 1 10 8 10 0 54 0 4 4 1 3 2 9 2 2 1 
1 0 3 11 114 4 2 8 7 1 8 8 114 9 4 11 9 3 8 94 6 7 2 4 114 11 6 3 90 0 0 114 3 8 8 7 5 55 8 6 3 9 11 11 8 3 10 9 8 7 10 6 0 9 7 0 
10 9 1 0 7 2 1 17 2 6 2 3 17 114 114 10 3 10 1 114 11 9 17 7 10 10 9 6 2 7 4 17 2 5 1 2 11 9 8 7 5 11 2 2 17 0 6 3 6 8 0 0 0 9 7 
4 4 1 52 7 0 6 4 7 6 11 9 4 5 2 1 2 10 11 73 8 9 7 52 9 4 0 116 8 1 10 9 67 116 2 0 11 116 41 1 41 4 0 1 0 116 2 8 9 7 11 8 62 5 
2 51 6 5 1 2 7 11 51 30 10 11 3 2 9 7 106 0 3 3 4 51 0 7 30 42 7 6 30 1 1 9 0 9 12 0 10 10 9 6 5 8 9 10 6 11 4 5 8 9 1 5 3 
6 0 4 9 2 33 10 2 1 2 0 0 34 3 4 0 7 11 33 3 3 9 23 3 8 6 10 9 9 23 6 6 9 5 1 3 4 6 4 6 43 8 8 0 33 11 1 9 23 34 5 45 
5 10 9 2 2 10 125 104 4 4 6 6 2 4 24 11 2 6 8 125 7 3 125 7 9 8 125 9 11 3 11 3 94 10 0 5 6 8 9 2 3 9 10 4 10 10 1 2 8 8 11 
2 0 0 1 10 9 3 9 3 10 6 4 2 8 0 73 9 9 10 41 3 0 3 41 2 1 10 11 41 41 10 9 4 41 41 4 89 9 1 5 3 41 2 8 7 6 2 1 9 0 
2 1 4 10 11 8 9 1 8 4 7 4 4 4 10 26 0 1 8 81 9 5 10 7 3 0 21 11 4 9 4 0 5 2 0 0 0 84 7 11 1 21 8 7 6 84 116 10 6 
0 11 125 5 5 4 7 4 10 125 125 2 2 5 0 11 5 1 4 5 1 0 125 3 2 0 7 10 125 10 125 4 8 125 8 125 3 5 0 10 1 125 125 125 9 5 8 7 
4 5 11 11 125 125 38 3 0 0 6 82 9 1 58 2 9 5 10 9 0 2 6 74 3 6 4 5 3 3 9 5 8 4 7 8 54 2 6 3 6 4 7 9 6 9 6 
0 9 7 0 10 1 125 9 7 11 9 4 115 3 7 1 125 9 10 2 8 11 4 31 10 0 4 11 9 4 1 9 0 4 125 8 75 0 125 9 1 6 94 103 7 125 
11 5 3 5 7 6 125 125 9 7 7 6 5 0 0 2 5 11 8 125 4 7 0 5 2 125 2 125 2 4 125 1 125 6 5 9 0 11 125 125 125 10 11 7 7 
104 2 2 4 4 8 11 24 7 7 1 4 125 3 11 125 119 4 4 125 3 4 3 1 10 87 1 4 2 10 11 8 10 3 10 2 0 6 10 6 5 6 11 3 
0 4 0 5 1 2 81 11 4 1 2 104 9 2 104 42 7 1 104 9 5 5 1 1 7 10 10 4 9 7 9 10 2 5 1 0 11 3 1 8 8 11 1 
125 49 6 5 8 8 82 5 5 58 3 3 9 8 6 11 3 4 8 11 6 4 7 1 9 3 11 10 10 4 4 54 2 8 7 6 9 7 4 9 4 0 
38 10 3 9 9 82 11 5 58 3 10 11 2 9 2 2 10 8 5 11 9 9 7 4 10 1 1 4 1 1 54 1 10 9 1 6 8 8 4 7 4 
6 2 7 8 38 8 9 38 3 10 9 2 10 1 9 4 56 4 9 4 3 0 10 8 1 4 4 4 9 54 11 11 5 10 8 11 11 6 0 8 
8 7 6 9 6 87 3 7 6 125 0 4 5 9 0 5 31 9 3 7 3 9 2 8 9 3 5 125 4 88 11 125 5 2 11 94 21 8 125 
125 9 3 9 11 6 9 8 1 8 9 3 125 11 0 3 0 11 125 6 125 11 8 125 0 125 3 1 3 4 11 125 125 125 0 3 7 3 
10 6 0 9 7 9 6 6 7 1 0 125 2 10 6 6 3 125 5 125 1 1 125 3 125 7 3 4 2 3 125 125 125 3 8 11 2 
7 3 2 5 81 1 11 24 11 7 9 81 2 6 9 1 2 64 9 7 8 2 4 1 11 11 5 2 1 2 11 6 2 10 9 1 
4 8 58 10 11 8 10 3 2 9 3 61 0 4 3 4 6 0 11 9 2 1 8 5 54 0 1 10 10 2 2 4 9 2 5 
10 7 8 73 4 9 2 73 1 10 5 2 73 73 1 2 10 73 73 4 73 6 8 3 11 73 0 4 2 7 8 9 9 1 
7 6 1 87 2 3 7 1 3 9 115 10 3 7 6 4 8 1 1 0 11 115 9 75 1 87 11 6 11 13 114 2 115 
1 3 3 7 6 9 9 2 74 6 1 4 6 10 5 6 0 10 3 9 9 54 5 1 8 6 0 2 4 3 11 2 
9 5 125 11 1 6 125 0 4 11 7 6 55 6 7 6 11 5 6 8 2 9 7 8 5 0 6 2 5 0 4 
7 4 11 125 6 1 11 1 125 125 6 4 10 125 125 11 89 8 4 7 9 125 9 6 2 11 7 9 20 0 
1 11 9 0 6 3 31 4 2 9 11 2 4 9 7 3 2 125 9 75 7 125 9 2 7 13 124 10 125 
67 6 2 125 8 5 10 1 3 12 7 11 5 9 11 9 2 0 10 3 5 1 7 8 7 3 6 8 
11 7 7 7 11 1 8 11 67 1 7 3 6 0 8 6 9 11 6 11 2 0 6 6 1 4 10 
2 1 11 4 125 125 5 1 6 125 125 1 100 8 1 7 9 125 0 11 1 3 1 5 77 0 
2 10 7 11 7 125 6 125 3 2 125 4 125 6 0 4 5 2 125 125 125 1 9 7 3 
10 3 10 8 7 55 7 11 4 9 8 4 9 9 9 3 6 7 1 7 1 1 5 11 
10 1 1 11 2 4 1 8 5 8 6 10 61 1 6 1 0 5 9 4 3 3 3 
10 3 4 3 3 5 8 1 0 7 31 9 8 7 31 10 3 9 13 21 8 31 
125 11 9 9 125 125 1 89 5 0 7 4 125 0 2 0 7 11 1 101 4 
11 7 2 125 125 11 23 6 0 2 11 125 10 8 8 0 6 0 101 8 
0 125 5 0 125 10 125 9 2 4 4 9 125 125 125 9 4 10 3 
0 2 10 6 9 4 1 0 3 9 11 11 11 9 7 10 11 9 
5 6 125 3 125 9 1 9 8 10 125 125 125 0 7 3 6 
125 8 23 9 2 8 11 125 5 0 4 10 10 3 101 9 
10 89 2 7 3 4 125 3 9 5 5 1 3 76 1 
8 125 11 0 3 8 5 125 125 125 8 10 11 3 
11 8 9 9 89 1 5 11 4 2 5 101 2 
3 7 8 2 3 125 125 125 0 7 2 5 
1 8 5 125 1 3 1 94 21 11 125 
4 7 0 5 0 7 10 5 11 10 
4 88 0 10 5 53 76 4 77 
10 10 6 1 7 4 11 10 
9 11 3 41 114 5 125 
125 125 10 11 1 6 
125 2 10 10 3 
6 3 6 1 
103 10 41 
7 124 
0 

