100 125
4 8 8 1 12 11 12 2 25 1 6 10 3 72 125 0 1 2 13 7 13 6 6 0 1 7 3 125 6 7 0 10 13 8 46 1 13 0 11 12 3 13 1 125 7 4 3 6 5 2 5 4 6 112 5 10 62 10 7 5 10 18 7 12 9 13 13 2 12 9 13 4 0 9 6 40 13 5 5 0 8 13 3 3 1 12 6 91 13 8 4 0 125 1 9 13 1 2 9 
16 1 12 3 2 7 1 7 8 3 13 9 13 11 10 5 4 3 3 5 10 7 2 5 13 0 8 17 4 0 5 0 6 4 1 95 9 12 12 65 6 7 2 10 8 71 11 9 12 0 9 82 12 11 41 4 12 13 41 5 8 3 8 7 4 8 0 3 79 80 4 2 2 9 8 16 2 13 12 13 4 2 9 5 2 11 5 11 103 6 60 2 13 11 41 7 12 13 
2 2 0 11 11 4 3 8 7 1 2 9 3 2 2 8 7 2 7 2 6 8 2 6 6 4 27 3 4 13 2 9 4 11 125 3 11 3 42 11 5 6 10 10 29 4 12 3 7 10 124 0 3 101 11 8 5 125 5 5 4 11 93 8 3 5 3 20 35 13 6 5 1 1 125 0 5 4 0 2 3 9 1 11 9 6 11 84 2 49 11 4 0 125 0 11 12 
0 8 13 4 4 56 11 9 13 6 72 92 19 6 4 5 8 6 2 11 2 2 1 10 8 10 7 5 1 2 9 46 2 13 6 5 5 9 5 10 8 6 3 10 13 4 7 6 13 2 8 4 11 62 11 1 5 3 26 9 77 0 9 5 10 10 6 3 4 4 4 6 56 1 0 5 12 8 3 7 13 12 108 9 116 0 4 11 1 92 3 8 0 13 6 9 
102 66 7 77 6 4 7 9 0 8 5 3 2 75 3 8 0 53 50 12 35 4 1 8 2 125 9 12 125 12 8 1 0 4 116 12 0 2 3 2 7 1 13 0 11 95 5 10 13 13 8 3 11 125 10 12 12 7 7 1 3 4 13 4 5 7 4 3 7 9 4 0 12 3 10 119 7 8 4 122 6 11 2 4 125 5 10 6 1 3 5 9 6 12 10 
88 9 42 11 0 0 8 11 5 7 6 0 11 10 0 5 107 102 2 105 8 4 9 6 102 5 8 102 0 13 3 7 4 122 0 9 10 1 2 0 11 13 13 4 114 0 0 3 12 3 13 2 102 7 13 12 6 1 8 2 6 4 5 1 6 11 0 4 8 12 8 13 12 8 112 7 3 4 65 9 2 12 1 102 10 5 3 8 11 67 10 2 10 3 
2 60 5 11 4 6 9 0 2 2 0 23 5 7 10 60 100 7 11 2 13 1 1 34 2 12 63 5 13 4 11 7 94 12 8 8 12 12 8 2 0 9 9 34 12 11 6 0 3 13 12 34 6 11 8 2 4 0 13 7 3 2 4 9 10 11 3 3 0 13 1 1 5 29 4 1 0 44 13 12 5 10 3 5 5 12 1 7 40 12 10 0 13 
5 0 6 3 9 13 4 12 12 3 2 3 1 3 9 10 0 8 12 2 13 2 9 125 9 0 125 1 125 2 125 0 4 10 125 6 8 13 2 9 11 125 2 125 3 11 8 1 0 12 3 13 11 7 5 125 7 0 125 3 3 6 3 9 2 13 125 125 0 3 1 125 9 3 11 2 13 13 10 125 1 11 2 8 5 13 9 12 4 3 125 125 
0 8 11 11 9 7 3 13 12 45 2 5 10 64 42 7 61 9 1 13 5 88 6 8 88 6 2 11 5 13 42 10 11 7 4 1 3 8 10 9 13 88 11 10 2 13 7 13 11 88 10 13 10 9 9 1 0 3 7 9 7 0 5 9 12 12 12 10 8 9 12 30 13 11 9 115 1 6 7 5 42 10 8 9 7 11 124 11 2 11 3 
2 6 4 2 72 37 86 10 0 2 4 12 4 9 4 3 3 9 87 2 12 8 1 4 7 16 0 5 3 1 10 13 3 6 78 4 12 7 3 5 10 3 11 13 109 12 5 34 8 12 5 11 18 12 12 13 10 2 10 11 5 0 4 2 6 10 38 1 2 9 8 1 10 7 0 5 113 6 16 8 11 4 9 109 8 1 11 13 9 13 
12 21 63 10 4 13 7 6 7 1 3 3 7 55 10 68 8 4 9 13 12 55 13 12 3 9 8 1 4 10 0 10 12 2 10 1 13 59 11 10 2 9 11 7 36 2 7 4 11 3 107 11 6 5 1 11 123 8 13 13 13 9 4 8 5 11 12 9 7 11 40 59 11 8 107 6 8 9 3 0 11 3 1 100 3 6 3 2 12 
12 0 10 1 13 125 11 125 125 125 5 0 10 12 11 125 13 3 5 1 5 3 3 7 12 7 9 4 125 9 13 125 5 10 125 4 11 4 10 4 125 6 9 4 5 12 0 125 0 3 2 9 5 2 13 2 125 1 2 4 125 125 5 7 2 0 3 1 12 1 11 125 3 6 8 10 8 7 10 10 12 1 11 5 12 125 5 3 
42 3 11 11 5 2 1 6 5 2 11 56 5 14 12 4 7 12 9 56 1 12 6 3 9 2 5 0 7 13 6 1 11 0 7 56 7 4 7 4 4 7 15 3 11 2 9 6 105 4 7 1 0 0 70 2 79 13 0 9 6 4 7 4 6 56 0 1 40 56 3 6 22 2 10 8 1 4 21 7 1 87 2 0 13 3 0 
9 5 3 10 11 5 1 4 6 0 68 1 78 8 2 5 12 7 63 8 9 7 13 5 10 8 12 1 8 13 9 4 12 11 68 3 6 1 11 3 2 88 9 13 4 5 7 68 0 3 1 13 12 114 8 83 2 1 5 10 10 0 6 13 78 4 2 61 78 2 4 8 3 8 10 7 0 42 5 12 4 6 3 2 12 8 
79 63 10 2 5 4 11 8 13 13 13 12 7 117 6 10 3 13 5 8 70 8 12 0 3 11 5 2 13 117 4 9 0 2 11 8 13 2 13 72 4 8 5 10 10 3 0 12 8 47 11 11 8 5 6 6 12 11 5 11 4 117 12 11 0 11 1 1 1 8 10 61 6 91 8 3 7 13 12 11 9 7 7 6 2 
0 4 10 5 1 0 1 6 4 5 13 2 125 12 5 12 6 1 3 96 8 7 2 8 12 8 13 10 125 10 8 7 4 0 1 10 8 12 99 9 11 2 2 2 6 4 18 2 63 12 4 3 9 12 3 0 12 4 6 10 40 4 1 13 2 2 11 10 3 11 89 0 102 9 1 11 3 125 13 5 6 6 9 3 
13 13 6 13 2 4 9 8 4 1 13 0 5 9 5 13 0 9 106 7 7 12 0 4 4 3 13 63 11 2 8 6 10 9 9 13 7 19 3 1 103 2 9 3 9 86 9 98 3 5 1 0 4 12 4 2 4 5 0 86 4 4 8 4 13 12 13 6 7 8 1 2 12 10 5 6 63 7 3 12 3 6 13 
11 125 125 125 5 6 2 11 13 125 12 4 12 4 1 3 1 4 13 5 10 1 125 2 1 125 3 4 125 4 6 1 4 13 125 10 9 7 2 10 9 125 9 11 4 13 5 13 2 3 125 4 9 12 125 125 7 10 13 13 2 2 6 3 10 125 6 3 4 8 4 8 1 1 10 0 4 10 11 125 13 7 
1 13 3 19 36 11 36 6 5 6 1 23 9 8 88 2 10 4 5 7 95 7 13 5 10 8 2 3 3 10 7 72 13 7 4 11 0 7 4 88 13 5 11 1 0 6 9 7 9 13 9 13 0 0 10 1 10 3 12 11 5 96 12 7 12 31 5 2 10 6 95 0 11 6 10 10 88 7 5 13 4 
125 125 4 5 4 11 6 125 1 7 4 0 7 9 1 3 1 12 12 8 125 5 1 125 0 1 125 6 12 10 12 12 125 5 9 10 4 5 13 125 2 3 12 9 9 2 11 1 125 1 3 13 125 125 8 8 7 0 12 7 6 8 6 125 12 0 7 2 1 11 9 6 2 6 6 2 2 125 13 6 
125 1 8 3 3 8 125 10 13 0 7 5 1 9 3 6 9 2 3 125 2 10 125 4 12 125 13 6 12 5 13 125 1 0 11 6 1 7 125 2 2 7 13 3 8 11 11 125 9 7 9 125 125 10 11 11 13 1 5 7 11 2 125 6 8 11 10 0 2 7 5 9 2 6 5 10 125 12 0 
13 1 6 4 4 125 8 5 5 12 8 9 0 8 6 0 4 8 125 7 5 125 0 10 125 8 0 13 10 5 125 7 10 4 3 8 6 125 4 5 5 11 10 13 1 4 125 10 10 11 125 125 4 1 7 2 11 8 9 2 13 125 1 8 12 0 13 0 4 12 12 7 3 1 7 125 11 4 
90 12 75 4 10 0 7 12 2 4 64 2 13 9 4 2 20 5 12 13 13 11 12 13 10 0 12 65 3 12 4 8 5 8 8 90 7 8 0 8 0 11 9 2 2 11 11 7 8 11 1 2 7 3 5 6 0 55 8 9 7 10 8 11 11 10 75 12 5 10 11 1 12 8 10 1 9 
0 78 3 11 7 6 50 9 0 115 9 2 11 6 9 4 11 2 5 2 3 9 8 9 9 2 58 5 0 3 3 5 5 0 50 12 4 0 13 9 11 3 0 9 12 9 10 4 10 2 1 3 6 0 10 7 43 0 3 11 122 1 9 9 2 30 2 4 13 6 2 5 13 3 2 9 
11 68 1 13 4 13 11 125 10 10 9 9 5 0 4 4 10 7 6 12 0 4 8 125 3 11 1 1 8 1 12 10 8 6 1 3 107 3 11 0 11 1 70 11 13 0 13 10 3 2 13 5 7 125 0 1 32 103 3 8 111 12 5 3 1 3 125 3 4 92 0 4 4 8 5 
1 3 11 5 105 12 6 61 8 9 5 0 1 97 7 10 13 1 13 7 11 1 4 8 99 1 4 10 6 4 8 2 105 4 2 0 12 0 12 9 6 13 11 13 7 9 12 13 13 7 11 4 9 6 108 6 8 0 45 7 11 1 1 11 2 9 9 13 1 38 1 10 7 9 
12 1 8 7 12 68 6 8 12 12 5 2 13 6 2 4 0 12 7 4 0 14 5 8 10 10 1 9 12 1 5 4 2 8 19 10 1 12 11 13 94 1 10 12 11 1 7 2 13 2 0 14 13 9 14 19 9 3 68 5 0 8 0 7 19 4 3 8 0 8 3 7 4 
12 2 1 4 5 9 3 7 0 7 3 4 125 5 5 125 8 13 125 11 13 2 3 3 125 13 5 0 12 8 5 125 5 10 0 3 12 10 13 9 125 9 8 11 125 125 4 10 5 5 1 8 7 1 10 125 2 5 4 7 5 9 3 6 0 13 11 10 2 125 12 10 
4 7 7 1 13 7 46 0 4 13 1 7 1 2 9 125 1 7 6 6 0 7 4 6 11 73 5 9 34 3 2 5 1 24 0 12 3 4 1 6 9 4 5 11 13 6 10 100 13 2 7 1 13 8 9 13 5 89 5 17 8 13 9 7 125 1 12 4 8 8 11 
0 3 6 6 2 5 9 27 4 5 2 27 2 11 13 101 2 15 1 12 6 13 5 105 11 6 1 2 8 3 124 7 4 13 9 1 12 1 0 13 124 72 7 13 11 7 10 27 0 2 11 6 2 8 3 3 5 12 11 11 17 6 100 5 0 13 124 0 2 3 
5 8 125 2 2 2 13 11 116 6 7 5 10 10 10 12 7 8 5 95 12 4 6 10 9 1 1 125 2 9 3 9 1 7 4 0 0 8 2 7 4 7 9 10 4 9 10 4 2 119 9 6 1 12 13 5 11 3 125 5 8 13 6 1 67 9 11 12 5 
10 6 125 4 125 11 125 4 8 4 125 10 9 9 10 7 3 125 3 125 11 3 13 4 5 6 12 0 11 3 9 125 5 13 125 3 10 13 2 12 11 7 125 125 2 4 12 125 5 0 9 2 10 13 10 125 10 9 6 9 0 12 3 7 11 10 125 125 
12 9 6 6 9 10 0 11 5 4 11 9 2 10 5 125 7 0 1 7 6 0 12 8 5 4 3 11 105 6 12 13 7 3 49 9 117 13 6 13 9 6 4 2 2 125 0 8 32 90 11 0 112 4 1 4 6 11 125 0 7 0 11 4 11 3 13 
12 9 1 4 13 40 11 13 1 2 3 7 7 3 5 5 16 1 9 7 8 5 9 5 125 13 10 0 6 11 2 13 2 2 12 5 3 8 7 1 7 4 5 7 3 9 119 5 13 6 39 3 7 4 12 125 11 0 10 9 6 124 3 12 13 7 
5 125 4 125 3 10 2 125 4 8 9 13 12 12 125 10 125 13 7 1 3 6 7 7 1 12 2 2 125 3 3 125 1 1 7 6 9 2 2 125 125 10 0 8 125 11 10 12 12 0 13 0 125 13 9 6 1 9 9 9 9 5 1 125 125 
1 8 5 1 5 5 11 13 16 0 9 12 9 3 7 13 12 0 46 9 7 57 1 8 1 5 24 1 12 7 0 11 0 11 12 1 0 11 12 0 46 2 9 7 9 1 4 7 12 13 29 9 28 4 12 7 1 46 10 11 5 11 2 12 
9 125 4 13 10 125 12 10 11 7 6 12 125 13 125 2 4 9 1 2 9 4 9 4 10 7 125 6 9 125 3 7 3 11 10 10 8 125 125 1 12 3 125 5 0 9 0 13 4 6 125 13 8 2 8 0 7 9 13 5 3 125 125 
8 4 8 52 10 13 6 34 9 91 2 4 3 9 7 17 13 1 101 12 8 13 125 0 3 13 7 21 2 10 6 5 71 80 4 1 2 13 9 125 7 8 12 6 8 4 3 12 10 1 6 12 118 10 10 13 11 9 125 2 12 2 
10 10 0 125 6 3 10 2 8 5 125 6 125 9 4 1 6 8 2 8 3 6 9 13 125 10 11 125 9 10 13 5 4 0 8 125 125 10 5 2 125 13 2 2 6 12 13 0 125 9 4 10 2 1 8 11 13 12 3 125 125 
10 0 12 2 5 13 4 10 6 5 21 2 3 12 4 9 4 13 21 6 6 3 0 1 13 7 1 7 11 12 13 1 5 4 11 1 0 6 9 10 70 10 2 1 14 6 12 5 0 40 8 8 9 9 12 67 5 10 13 10 
12 2 125 12 5 125 4 7 4 9 13 125 7 10 7 12 9 9 125 11 9 7 0 6 8 3 11 125 7 0 7 125 125 2 10 10 11 13 6 3 7 3 125 11 7 1 11 4 8 12 12 1 9 12 13 7 125 7 9 
5 0 4 34 6 122 9 1 11 13 4 122 7 0 118 6 12 11 52 2 0 7 3 112 6 9 3 4 20 12 7 2 4 1 9 118 4 13 2 1 10 4 7 5 13 4 11 7 11 3 123 13 5 10 42 8 11 12 
5 5 3 9 5 8 125 6 125 9 6 3 1 5 7 8 10 9 3 3 125 4 2 125 6 5 6 13 4 13 4 125 125 1 5 10 125 9 1 6 12 5 11 12 125 10 11 11 9 7 0 7 13 0 12 125 125 
10 5 125 10 6 1 6 7 125 1 4 7 2 8 9 125 3 5 3 12 3 2 6 13 125 0 6 5 125 125 2 9 6 3 12 0 13 4 12 125 4 1 1 3 12 6 7 10 9 12 10 2 10 125 3 1 
0 11 1 9 12 7 6 12 11 73 6 8 19 12 11 12 6 98 3 53 10 12 6 1 7 7 2 3 11 1 0 100 12 11 3 9 1 8 11 4 6 2 11 76 12 2 10 7 125 9 5 13 6 7 7 
10 89 12 3 10 5 12 21 11 12 58 11 8 8 58 9 12 3 8 35 4 4 0 11 73 58 11 3 11 4 6 35 6 1 12 10 11 7 9 4 12 8 12 3 23 2 116 2 9 2 58 1 4 10 
0 9 2 6 0 125 9 7 8 13 10 9 125 12 2 6 2 11 6 4 10 125 0 11 12 125 125 1 1 8 12 2 9 1 8 11 125 2 1 2 0 13 4 12 5 2 11 7 13 1 125 6 7 
8 3 4 4 6 96 10 2 111 4 6 1 67 2 2 3 10 67 9 11 3 6 51 5 3 13 0 11 11 95 7 9 9 12 10 0 2 10 5 11 13 12 19 10 95 0 9 10 51 8 2 4 
12 2 8 4 6 12 50 10 5 2 6 3 107 4 8 1 4 8 109 9 117 2 2 11 11 5 13 12 1 125 2 6 40 103 4 6 37 0 10 8 11 2 125 4 8 95 9 1 3 7 0 
9 125 5 8 7 4 6 10 2 3 8 8 4 125 2 1 125 11 3 9 11 11 1 0 125 125 1 1 13 125 5 13 12 0 11 12 10 125 1 5 7 5 12 7 2 13 5 11 125 125 
6 4 2 0 4 11 11 10 10 0 7 13 11 8 4 1 10 13 4 8 10 4 10 9 10 5 2 0 8 16 6 7 11 12 9 11 0 11 10 12 7 4 3 0 5 2 3 13 2 
6 12 5 2 11 12 7 12 12 5 4 125 6 9 125 5 8 2 8 9 13 6 125 125 4 11 8 125 6 11 3 10 0 1 11 125 7 13 8 3 2 2 10 8 13 8 125 125 
8 2 10 13 3 13 125 13 7 11 12 7 13 3 13 125 0 13 7 125 125 12 5 1 1 13 13 10 11 7 125 13 6 10 13 11 9 13 8 3 3 5 12 4 125 11 13 
0 7 122 5 6 3 73 11 8 4 1 47 10 8 12 4 40 73 1 7 4 13 0 124 4 3 10 7 5 6 6 11 12 12 0 4 80 0 19 3 5 2 82 2 9 9 
5 11 34 2 0 1 4 98 3 12 7 8 3 4 8 10 8 3 1 4 12 100 1 7 0 7 2 3 10 9 9 29 13 17 1 11 11 4 99 0 11 11 7 4 12 
0 0 12 1 9 53 13 8 13 0 3 96 8 20 12 11 6 5 11 2 3 2 115 1 12 31 37 4 5 70 2 11 6 11 10 50 1 13 94 13 3 7 1 11 
4 3 1 101 0 1 9 1 41 2 4 10 2 20 72 8 10 2 3 13 101 3 11 8 0 6 0 12 1 3 11 12 8 94 1 49 10 1 5 101 13 5 7 
5 10 13 5 73 5 34 2 4 4 2 3 1 2 4 5 12 5 73 2 10 5 8 6 1 13 0 0 91 6 80 4 5 0 10 19 6 6 4 9 8 6 
6 3 12 5 2 10 3 0 2 2 0 9 13 6 4 1 5 6 4 12 12 112 7 7 13 61 10 7 6 1 125 9 4 7 9 5 5 5 10 2 7 
2 9 6 5 11 12 1 8 125 13 1 3 125 125 2 13 3 1 1 7 1 1 7 125 2 3 9 3 11 2 5 11 0 3 4 4 10 125 13 13 
1 8 12 8 93 4 13 9 8 16 12 3 11 3 0 8 125 5 12 2 7 9 13 0 2 0 2 12 11 94 8 123 13 10 3 125 5 10 10 
0 11 4 8 8 109 4 30 4 5 7 9 6 2 9 13 105 12 13 32 105 5 10 111 11 6 9 7 7 105 6 12 12 11 5 7 10 7 
1 48 6 10 4 2 10 2 11 0 12 3 3 24 0 9 7 9 0 6 10 4 12 12 5 64 11 3 9 3 18 0 3 1 5 7 3 
2 0 125 1 3 10 12 0 13 1 125 125 0 13 11 125 7 8 12 7 7 11 2 125 10 1 12 4 12 13 11 2 13 4 125 125 
0 3 13 3 6 7 4 4 12 12 10 47 1 11 4 9 11 9 3 0 6 92 11 81 13 11 1 6 92 0 10 5 7 8 3 
12 1 12 1 16 35 9 11 0 6 13 93 11 12 12 11 4 13 7 11 11 12 2 6 8 1 49 6 12 2 92 0 0 5 
13 0 7 7 8 10 3 125 125 11 3 13 125 2 12 10 8 1 4 3 125 12 10 9 2 8 5 11 12 11 9 125 125 
12 47 0 6 6 3 0 9 6 0 23 1 0 49 70 12 3 23 3 7 5 10 1 96 5 2 92 8 2 5 3 4 
4 8 6 125 125 1 11 12 6 3 8 9 11 7 125 1 11 0 11 8 2 10 0 13 5 5 7 8 125 10 6 
4 2 3 5 0 12 0 3 117 1 3 117 10 13 7 109 12 10 0 7 5 30 0 9 67 12 11 10 3 3 
39 8 3 13 4 12 16 9 3 9 13 2 7 11 7 11 3 4 13 63 13 83 8 0 3 16 7 11 9 
3 3 0 8 12 12 7 11 7 12 9 0 1 10 7 12 12 7 55 11 78 7 3 11 39 9 3 1 
125 13 3 1 6 5 3 5 11 7 125 8 7 5 7 11 12 13 13 2 8 10 10 13 125 10 11 
4 2 9 2 5 3 2 12 5 125 8 7 1 6 10 0 13 4 6 12 5 7 7 125 4 8 
125 7 10 8 125 8 0 2 9 2 9 7 125 7 12 7 9 5 5 12 5 6 2 125 125 
4 0 1 125 8 0 6 11 11 12 9 125 5 12 12 10 6 9 4 0 5 1 125 125 
0 10 2 10 13 11 9 6 8 86 12 13 5 1 1 7 40 5 3 13 0 8 5 
12 4 3 5 2 0 9 10 5 10 2 10 103 2 10 8 2 5 125 11 8 6 
2 2 40 90 0 7 54 12 4 0 0 8 125 6 13 85 1 0 12 6 3 
9 1 4 4 6 3 3 125 1 5 2 7 6 10 8 7 11 7 125 125 
9 9 3 39 3 10 2 8 43 0 2 10 12 2 19 12 4 7 10 
32 8 13 83 10 12 11 13 3 40 2 3 95 2 12 11 0 7 
10 9 37 5 8 6 11 3 103 7 10 111 6 6 13 4 7 
7 10 9 0 10 2 13 2 3 12 1 8 6 125 10 0 
11 10 11 12 10 1 9 1 6 12 61 12 5 5 5 
9 4 9 9 4 26 2 3 0 11 0 8 8 6 
8 17 7 0 1 4 113 5 6 1 10 4 12 
12 4 2 8 4 6 7 12 2 7 125 125 
5 11 3 1 16 6 7 12 2 0 6 
2 8 13 3 6 40 6 12 7 9 
8 59 1 12 1 118 5 9 11 
7 5 54 8 11 9 10 11 
12 7 5 123 5 6 13 
1 8 12 5 0 3 
0 12 13 0 7 
4 5 8 12 
6 3 11 
12 4 
125 

