100 50
0 10 10 1 7 2 8 0 5 1 9 40 7 1 2 31 4 6 7 0 2 8 5 2 27 8 3 47 11 31 7 9 10 0 10 4 8 3 5 31 3 6 44 11 6 8 1 1 4 11 7 8 36 7 6 10 10 5 6 8 0 0 11 38 2 6 10 11 3 6 10 8 11 5 8 1 9 7 4 8 11 8 10 1 3 6 5 47 0 8 8 30 36 3 10 10 3 27 7 
5 4 9 3 11 5 24 21 5 21 3 0 42 2 8 4 3 21 9 47 5 6 7 2 11 1 4 1 8 4 6 1 21 9 10 36 2 21 11 7 9 5 9 0 8 9 2 6 8 4 6 4 6 0 0 0 11 11 4 9 9 10 6 21 4 39 3 1 11 7 3 10 3 10 0 34 21 3 2 9 11 3 3 4 21 11 9 8 6 5 4 10 5 21 21 2 3 21 
50 50 3 3 9 1 7 0 8 2 50 9 0 1 0 11 8 50 10 10 7 50 1 11 0 0 9 1 4 50 11 0 50 5 3 2 10 4 8 8 3 50 9 50 11 3 2 50 6 9 3 50 8 6 5 50 0 6 50 0 50 9 4 4 3 5 11 3 6 50 8 11 5 0 8 6 50 8 5 1 1 5 50 8 0 7 6 50 50 1 5 6 3 11 1 10 11 
50 4 6 2 11 7 2 4 0 50 10 2 6 1 1 5 50 9 10 0 50 0 11 2 5 9 8 5 50 6 2 50 1 0 11 4 1 3 2 10 50 7 50 4 7 5 50 8 10 9 50 9 8 0 50 3 9 50 11 50 2 11 8 1 1 0 4 4 50 8 7 11 1 9 1 50 9 11 4 10 4 50 6 0 4 0 50 50 11 8 8 9 5 7 11 7 
0 4 0 8 1 10 8 7 50 2 6 8 1 9 3 50 11 4 10 50 4 5 4 0 10 3 9 50 3 5 50 0 8 0 3 8 6 2 9 50 0 50 11 8 6 50 10 6 4 50 0 4 8 50 7 6 50 6 50 0 1 10 1 1 4 3 3 50 9 9 6 10 11 3 50 2 1 1 6 0 50 2 6 5 4 50 50 0 11 8 7 6 3 5 5 
8 5 4 9 20 4 0 3 9 31 9 6 0 10 2 3 6 0 11 0 11 10 7 6 8 21 7 6 10 3 5 4 31 2 6 28 31 8 9 42 0 31 7 31 7 7 1 6 5 32 7 31 9 31 3 4 31 3 2 1 6 11 8 14 5 7 6 0 8 10 11 4 2 3 31 31 37 0 8 9 2 3 1 6 7 10 8 2 7 8 5 8 9 4 
2 7 2 12 9 4 5 9 50 9 2 4 4 2 11 7 2 10 1 7 8 0 5 10 7 4 6 7 8 7 9 0 6 1 28 50 6 11 42 4 43 7 50 5 7 8 7 9 8 1 50 9 50 8 3 50 10 6 2 10 1 1 24 7 7 5 6 5 7 8 7 5 2 50 50 36 2 43 5 4 3 9 11 5 6 6 11 1 10 0 8 2 3 
7 0 10 6 18 2 1 0 50 1 9 1 8 3 7 0 4 36 24 11 0 11 50 9 9 9 2 11 6 4 1 2 20 2 6 23 11 4 2 3 7 1 10 5 2 22 6 2 27 10 4 9 9 11 2 11 50 2 2 7 8 11 11 3 10 3 0 9 1 5 1 2 0 3 4 50 1 10 3 10 50 7 11 4 39 50 4 8 11 4 50 3 
22 1 3 7 4 44 0 6 1 7 27 1 19 2 10 4 4 10 9 11 4 2 2 1 0 35 10 25 19 3 24 5 3 1 8 7 3 1 0 6 8 6 8 4 2 3 1 6 10 6 4 3 10 0 5 5 3 4 42 5 7 5 0 2 9 1 1 42 31 22 6 11 2 9 10 2 7 22 2 0 5 3 1 2 1 0 6 27 10 10 3 
3 20 5 2 17 5 9 5 5 20 5 6 6 0 1 9 2 9 7 11 2 1 0 9 20 4 27 18 3 20 2 10 0 6 6 8 8 3 7 6 6 7 6 0 1 3 6 5 2 2 8 7 0 6 7 39 11 6 1 9 11 9 9 3 3 1 13 37 39 8 7 0 5 3 1 9 20 6 0 7 3 0 0 2 5 39 20 7 5 39 
7 4 4 9 20 9 3 8 6 5 11 6 1 0 11 6 2 3 10 2 13 4 0 3 9 11 0 13 6 4 26 13 4 7 2 6 26 4 20 9 6 4 0 0 47 5 47 4 2 7 5 2 8 2 4 4 5 9 4 3 2 6 10 5 4 10 2 6 0 4 26 12 7 13 6 7 9 4 10 0 1 11 11 8 11 10 1 11 9 
1 5 44 7 9 7 9 33 1 19 6 2 8 6 11 1 9 11 1 7 4 2 50 6 10 3 11 50 11 8 0 4 0 11 5 2 8 11 0 2 10 2 7 7 6 2 2 11 1 0 5 7 6 38 11 31 4 8 6 7 2 1 10 4 28 26 50 1 10 4 10 5 6 3 50 2 11 11 2 5 7 8 1 50 50 11 1 50 
10 2 6 9 9 6 6 3 8 11 7 2 33 9 6 18 11 43 3 0 7 9 5 3 0 1 8 43 7 3 14 4 3 3 6 7 8 2 0 9 33 10 2 41 9 8 2 43 8 8 2 41 5 10 10 6 4 3 9 7 11 0 10 10 2 8 8 3 7 7 18 3 7 10 9 43 9 10 7 0 18 1 6 3 4 43 5 
10 0 7 10 9 5 50 5 9 5 50 6 7 8 4 7 10 4 50 2 0 50 4 0 3 3 4 3 2 3 50 0 50 0 0 1 50 1 3 3 50 3 6 7 50 8 6 50 7 50 5 0 4 0 9 0 7 1 50 5 7 1 1 6 9 50 3 10 10 5 6 50 5 0 6 7 50 50 10 8 0 3 4 10 3 2 
8 5 2 2 37 4 15 11 10 11 0 6 0 6 4 0 11 3 1 36 5 46 34 8 48 7 5 11 4 1 8 11 4 3 2 6 5 10 1 8 11 10 5 4 6 1 1 5 5 6 17 11 30 1 7 7 3 3 8 5 0 48 26 15 3 7 5 6 3 1 10 44 3 6 4 2 10 3 0 0 37 44 5 4 42 
2 6 9 9 1 11 5 1 2 9 3 6 3 5 4 5 5 7 10 9 5 5 44 1 5 43 50 3 11 36 0 43 8 50 7 5 1 4 3 32 4 50 6 50 2 1 50 7 9 6 2 8 11 14 10 9 5 10 5 11 1 5 10 8 50 50 37 10 16 10 4 3 10 3 11 2 1 9 2 2 10 2 2 10 
10 11 1 0 10 4 11 9 36 17 10 30 10 50 11 2 8 2 9 2 6 3 10 20 7 7 25 7 6 6 11 6 6 3 0 10 5 5 10 20 9 11 6 9 11 6 9 50 6 4 8 9 9 5 6 9 8 5 3 9 6 5 3 2 0 11 50 2 0 10 11 50 4 0 8 42 50 2 5 8 4 50 7 
37 6 11 2 30 27 6 3 2 27 1 25 8 0 3 14 1 3 4 7 4 0 11 1 0 0 1 0 11 0 39 3 4 25 37 4 4 1 4 2 10 7 3 8 3 1 1 0 2 9 2 7 39 33 6 30 6 5 6 5 10 4 1 8 1 0 11 1 6 30 5 35 10 5 4 11 28 7 11 30 2 4 
8 4 5 50 50 9 8 2 26 11 50 1 0 0 12 9 5 5 0 9 11 0 7 1 4 11 11 1 2 4 3 7 40 41 1 2 3 5 6 10 11 6 11 9 6 0 3 27 0 50 5 50 24 2 31 7 43 1 11 9 7 2 6 8 9 8 10 1 50 0 13 8 5 0 4 5 4 9 50 0 5 
8 10 6 3 5 5 5 11 4 3 7 6 2 10 33 4 46 18 11 33 8 2 4 10 7 9 6 8 0 7 4 10 9 5 10 0 11 2 10 4 2 0 9 1 3 33 10 42 6 8 3 4 0 9 1 11 13 16 33 3 11 10 4 3 0 10 33 3 5 2 9 8 4 3 6 33 33 4 2 33 
11 10 3 50 4 2 11 9 4 1 6 50 7 10 50 5 10 8 2 8 6 11 7 50 9 50 11 4 4 50 11 1 10 50 9 10 0 50 10 11 50 0 50 7 3 11 8 1 10 0 10 50 1 8 4 7 1 10 50 10 5 7 1 9 50 1 4 11 7 50 50 5 10 10 1 0 5 10 2 
9 7 10 6 11 10 7 11 2 0 6 0 10 3 39 0 9 47 1 7 3 10 1 9 6 9 8 0 8 8 10 9 4 6 0 10 11 7 5 3 3 3 7 6 0 26 0 2 8 5 3 3 6 1 34 16 10 3 4 2 6 2 4 6 6 2 6 9 2 0 2 0 0 6 47 11 3 47 
50 2 8 2 2 2 50 4 2 11 9 2 2 8 9 1 6 2 7 11 2 8 3 0 2 4 0 4 40 7 10 7 7 9 11 0 1 2 10 4 7 8 1 37 6 50 4 50 24 1 31 7 43 6 9 6 4 11 6 11 1 2 9 10 50 2 20 6 7 2 6 5 11 0 50 10 4 
9 1 9 15 1 50 8 6 3 12 0 4 9 8 1 4 9 4 1 10 9 9 7 7 4 5 8 40 8 5 7 3 4 7 6 7 10 0 4 8 3 5 27 9 50 4 50 38 4 31 8 43 6 5 6 8 3 4 10 7 5 2 0 50 8 39 11 0 6 4 35 0 9 50 10 4 
6 10 4 6 4 4 2 50 1 1 50 3 11 6 6 0 2 0 10 50 3 50 1 3 7 50 1 0 9 50 4 4 4 50 7 6 50 1 50 8 6 2 0 0 8 11 1 50 8 3 5 9 3 10 50 11 1 6 4 2 50 2 0 4 11 50 50 9 4 5 1 10 11 7 1 
24 10 26 11 36 9 10 0 8 8 10 8 0 9 20 7 7 16 8 10 4 7 1 0 5 2 3 5 2 10 27 3 1 1 36 10 4 5 36 8 1 10 3 8 2 10 1 8 45 3 5 9 11 1 5 0 7 36 8 3 6 11 36 6 10 0 5 36 11 6 2 2 36 7 
0 30 11 24 0 11 3 5 11 11 8 3 0 17 9 10 25 6 7 4 9 10 10 4 5 7 0 4 2 20 2 11 8 0 1 0 11 0 3 8 9 6 6 10 4 7 6 30 4 10 4 0 3 10 1 0 24 7 1 5 2 17 10 9 4 3 24 6 3 10 8 17 4 
8 26 3 1 3 9 4 8 11 8 3 7 5 0 2 2 9 1 11 10 15 7 8 26 41 7 11 10 9 6 3 2 4 4 7 8 8 9 4 1 3 2 2 2 0 34 2 34 9 1 7 10 10 10 5 4 5 3 1 2 9 13 5 7 0 1 32 3 2 3 6 3 
4 7 1 5 11 3 9 2 1 4 9 21 9 1 23 2 3 8 1 7 0 8 8 7 7 3 4 3 8 9 4 21 2 4 7 0 0 2 4 3 0 8 10 1 8 47 10 2 3 6 4 1 5 1 30 1 11 10 11 30 1 8 5 41 26 4 5 1 1 7 2 
1 4 4 7 6 2 8 11 6 6 9 2 5 0 7 5 6 10 4 11 8 40 8 1 5 4 6 11 6 7 9 9 5 8 3 3 27 1 50 0 50 24 10 31 3 40 10 1 2 8 1 11 0 2 7 2 3 50 1 13 1 9 9 8 35 0 3 50 10 1 
3 3 11 5 9 0 9 4 8 20 8 9 35 11 2 9 10 8 9 0 9 0 22 3 11 27 3 3 1 9 4 6 1 50 6 7 2 6 10 1 11 7 5 31 7 9 8 10 3 4 3 9 50 6 6 5 8 50 7 3 2 42 50 3 7 1 11 50 9 
9 7 5 1 11 8 37 2 2 43 5 0 11 5 4 7 8 7 9 10 2 9 5 9 11 7 3 21 2 9 37 0 10 11 2 7 9 23 2 5 11 2 0 0 5 8 4 5 5 21 6 11 7 1 6 0 5 4 11 11 3 9 0 5 5 1 9 1 
7 2 50 0 11 11 4 4 7 10 8 50 1 50 9 11 10 50 7 5 8 50 7 8 5 50 5 8 50 1 50 3 7 5 2 1 0 1 2 50 4 7 9 4 2 11 50 4 1 11 1 8 50 7 6 11 4 50 50 3 10 7 5 9 11 11 8 
11 11 11 7 6 10 3 5 4 5 7 1 9 0 7 9 10 20 4 1 0 9 5 5 6 3 2 6 2 10 1 3 16 0 16 9 20 39 10 37 7 37 3 0 8 3 8 5 3 4 6 3 0 14 8 27 0 9 9 5 12 5 1 37 8 6 
9 8 15 8 50 10 11 3 10 6 2 10 10 1 4 8 3 6 8 5 9 1 7 9 10 2 10 7 9 5 38 9 2 3 3 3 3 10 3 5 2 28 34 50 8 10 1 8 11 6 2 50 6 4 0 10 1 0 11 5 50 50 7 8 50 
5 6 11 5 5 0 1 1 50 6 50 4 2 5 50 1 6 5 50 3 3 3 50 10 5 50 0 50 3 1 1 9 1 0 5 5 50 4 0 11 0 11 0 50 7 3 0 4 4 50 0 1 6 10 50 50 0 5 6 7 8 10 2 2 
14 4 8 2 1 8 11 9 10 8 10 3 2 11 1 5 0 2 8 4 9 7 11 5 11 5 0 5 21 9 19 5 2 1 7 5 0 8 5 21 7 19 5 7 8 5 8 4 0 10 5 3 1 5 1 2 9 7 24 24 11 6 10 
7 19 5 6 3 8 3 1 9 7 6 1 11 3 4 7 10 10 3 9 6 2 9 8 3 6 0 36 2 46 7 3 11 10 9 8 1 9 3 32 3 6 9 2 5 0 4 7 36 10 6 7 3 11 11 6 1 0 18 0 4 0 
8 3 8 44 1 1 4 8 0 1 44 3 0 6 8 7 34 4 44 2 44 11 3 44 2 3 3 10 9 10 49 5 10 4 8 0 4 9 2 8 8 6 44 37 7 43 8 5 3 8 1 4 5 11 0 0 9 1 7 7 3 
5 2 11 7 11 4 5 9 3 0 6 4 9 7 5 11 4 10 1 3 10 4 1 5 9 38 6 39 7 9 4 11 8 9 6 9 28 41 50 5 5 0 10 9 6 3 50 1 7 2 5 7 3 8 0 50 50 3 3 50 
10 6 35 4 5 4 0 1 1 3 4 10 22 11 9 24 1 9 0 20 7 10 2 20 6 11 2 2 0 7 8 8 11 31 11 5 8 11 5 8 1 3 20 10 2 4 1 20 5 4 2 10 20 2 8 4 1 20 5 
8 3 8 27 4 8 5 43 1 2 7 8 3 19 4 8 10 27 11 7 27 4 1 7 5 1 6 8 1 10 1 9 10 3 3 1 6 5 43 28 36 4 28 11 4 5 4 4 7 4 7 3 3 8 3 11 1 1 
7 5 4 0 43 11 50 11 4 10 0 2 0 10 50 5 50 2 4 50 11 5 8 11 5 5 49 1 0 6 9 9 0 2 5 11 8 50 50 6 6 16 5 1 2 1 4 3 2 8 3 3 2 2 8 3 6 
2 1 11 7 0 9 3 2 8 17 5 10 42 7 10 4 16 0 3 6 47 10 2 8 0 4 6 6 4 9 27 7 5 1 10 6 0 2 4 35 4 9 8 6 16 0 4 2 34 16 0 10 0 8 47 10 
11 50 7 4 0 50 5 6 9 50 10 10 1 50 11 5 50 0 50 10 5 5 9 2 8 10 8 50 11 7 5 5 5 6 50 9 2 10 3 4 50 1 0 10 6 50 50 7 7 0 4 6 4 11 9 
5 4 5 36 9 2 4 6 2 0 3 42 1 42 3 7 42 8 3 7 3 11 0 24 6 11 4 9 0 9 10 5 11 0 36 42 19 2 36 1 5 7 11 0 7 3 0 3 1 11 9 3 0 7 
2 9 3 50 7 4 9 50 10 4 10 50 6 7 50 7 50 5 2 4 4 2 9 8 7 50 4 6 3 4 4 8 50 5 1 5 8 3 50 6 11 6 1 50 50 10 5 5 8 5 10 10 4 
7 43 0 4 9 0 7 19 11 43 1 43 2 0 43 8 8 9 7 6 6 14 6 5 7 11 8 6 8 4 2 2 43 43 36 7 29 7 9 2 10 0 4 4 10 6 9 2 3 6 2 11 
5 9 4 44 3 11 0 8 10 6 3 4 6 4 4 1 0 11 6 4 0 4 48 7 4 1 13 5 9 11 8 10 2 3 10 10 9 0 4 0 21 11 8 6 11 45 10 9 4 11 11 
5 1 1 0 11 19 2 50 11 50 3 4 50 6 3 1 5 6 8 34 6 4 11 11 8 0 4 10 4 10 50 50 6 7 43 1 6 3 5 10 5 10 5 1 11 4 0 10 5 11 
2 6 8 50 8 1 5 50 8 0 50 0 50 3 2 4 3 8 6 3 1 50 0 2 2 0 8 11 50 0 11 10 4 3 50 0 5 10 6 50 50 6 4 0 7 1 4 0 7 
5 3 2 11 11 11 4 4 6 3 7 5 8 11 27 8 16 11 40 20 4 16 7 43 11 1 3 1 6 8 11 5 10 10 9 16 3 20 4 1 3 8 35 2 5 40 9 9 
8 9 11 8 11 0 0 7 5 8 1 3 5 30 8 41 1 44 8 0 30 0 11 1 3 8 3 5 3 11 6 3 7 2 43 6 3 11 5 11 0 7 10 0 43 7 3 
9 3 27 7 5 9 5 9 9 7 22 11 5 0 1 9 1 3 9 5 19 11 4 6 1 11 2 10 0 5 3 7 0 9 5 1 2 0 24 5 10 11 9 1 22 8 
9 1 9 50 7 10 50 4 50 11 7 3 5 3 5 6 8 50 7 1 9 4 4 2 50 7 6 1 1 11 50 5 0 0 1 50 50 1 6 7 0 10 11 3 4 
4 9 7 8 9 2 36 0 6 11 6 10 0 8 11 6 9 1 2 10 10 3 10 9 8 8 14 11 36 7 4 9 9 7 5 2 0 8 8 6 0 9 9 10 
5 0 8 27 3 8 7 27 10 2 4 5 1 1 11 3 8 34 7 7 8 0 6 0 5 8 27 6 4 2 10 24 7 2 1 39 27 11 2 5 3 27 7 
4 50 10 2 50 4 11 5 2 8 5 14 4 6 7 9 5 9 11 4 4 7 50 50 36 3 16 3 2 8 7 6 11 3 7 11 6 3 4 11 0 4 
8 9 50 10 50 1 5 7 0 2 9 0 8 50 2 1 4 5 1 11 50 2 11 6 7 5 50 2 9 0 0 50 50 8 8 3 4 7 0 7 9 
4 3 50 10 8 10 8 1 2 24 7 1 3 9 0 7 5 11 2 8 50 50 13 5 16 2 7 0 10 2 2 11 0 2 4 9 2 11 8 4 
0 4 6 9 3 8 5 11 6 9 7 10 11 19 9 0 10 7 1 3 1 8 9 6 0 0 10 9 10 7 5 41 9 9 3 11 4 9 1 
6 50 7 4 11 3 11 11 5 7 50 8 2 11 8 7 3 50 0 2 1 6 7 50 11 0 7 3 50 50 3 2 7 2 4 3 9 1 
9 3 0 11 8 6 34 1 5 6 9 7 9 7 6 3 8 50 50 6 3 16 5 4 9 1 8 0 0 7 11 6 4 6 0 11 11 
3 6 8 3 9 7 11 3 50 8 10 2 6 0 0 50 10 3 4 4 8 50 3 9 5 6 50 50 10 2 1 3 4 6 3 10 
7 7 9 2 7 7 1 6 6 32 5 11 1 6 7 11 11 0 50 10 6 1 9 50 1 8 11 42 50 10 1 10 3 50 10 
1 42 7 8 10 3 2 7 10 6 28 16 38 9 9 5 3 11 6 2 38 0 8 7 5 6 10 9 2 38 38 10 5 38 
2 27 11 27 38 5 37 3 0 11 2 8 10 3 5 10 3 11 1 9 11 0 39 5 10 11 1 25 1 5 37 7 8 
10 9 11 8 1 1 4 10 3 41 39 5 4 5 5 1 11 11 39 7 9 5 1 5 0 0 2 31 6 9 11 30 
3 50 1 9 31 11 40 4 0 7 10 2 5 1 10 9 3 9 50 0 37 4 9 5 4 5 0 6 50 10 5 
4 0 8 3 8 11 10 6 4 11 35 24 13 3 34 3 0 3 1 3 9 6 0 5 7 6 2 7 0 3 
24 3 31 11 13 8 6 4 4 6 11 10 1 4 11 7 50 8 21 1 9 8 11 36 3 0 50 5 4 
4 20 11 1 10 6 8 1 3 6 3 6 4 5 8 48 2 45 9 4 1 10 36 1 0 24 1 4 
10 0 10 6 1 7 50 8 3 9 6 6 50 1 4 9 7 50 50 5 5 9 10 4 3 1 5 
3 0 1 1 1 5 7 9 9 3 6 4 0 31 11 21 0 11 7 11 35 8 7 31 4 4 
8 1 6 8 0 10 3 4 31 0 9 1 11 5 9 8 4 22 0 10 10 5 8 19 4 
2 2 11 0 8 11 10 5 3 9 10 40 9 20 11 5 2 4 15 6 4 40 5 0 
18 49 8 1 4 5 7 6 4 49 7 10 9 11 5 0 11 11 49 34 5 4 28 
34 10 5 1 8 11 7 7 16 8 8 7 5 9 8 7 0 34 31 1 2 34 
0 1 5 7 9 7 2 50 6 9 1 11 1 2 3 7 50 50 10 7 50 
3 4 5 6 5 50 1 0 0 9 50 50 10 4 0 9 9 1 8 5 
50 13 6 29 1 6 5 10 2 5 8 8 8 5 6 6 1 2 2 
19 0 29 6 0 4 6 8 10 9 2 8 4 1 8 2 7 5 
8 37 9 11 7 2 7 5 10 11 9 8 8 7 4 4 7 
1 9 4 11 50 3 5 11 5 50 0 8 5 2 50 11 
6 8 8 8 5 7 10 9 9 2 9 0 10 0 5 
11 6 1 7 50 50 0 2 5 8 6 11 3 8 
7 3 9 8 7 4 6 5 50 50 3 3 50 
5 21 11 10 3 4 45 8 6 50 9 2 
6 9 5 34 50 9 3 4 1 50 5 
3 11 0 6 37 10 8 13 6 7 
50 2 4 1 5 4 7 7 10 
8 0 1 1 1 9 0 10 
3 6 4 5 9 42 11 
4 6 3 4 50 10 
5 1 5 4 5 
50 4 5 50 
0 0 50 
6 3 
2 

