100 50
1 35 2 0 0 1 15 2 2 4 0 2 1 35 10 0 0 1 3 1 3 3 3 3 1 4 35 1 0 35 2 1 2 3 3 4 0 3 4 2 3 3 4 0 4 0 1 0 1 35 4 4 4 2 3 2 35 35 1 2 3 0 3 4 0 1 2 2 0 3 35 4 4 1 0 1 35 4 1 35 0 1 1 2 3 1 4 1 35 1 4 2 38 0 35 4 4 2 35 
2 2 2 3 1 3 2 50 2 4 4 2 4 4 2 0 3 4 0 1 3 1 2 0 0 3 1 50 1 50 4 50 4 4 0 50 47 2 1 1 3 0 50 4 4 3 0 3 0 1 4 2 2 4 3 3 3 3 0 3 3 1 50 1 50 36 3 3 3 4 0 1 4 50 0 2 2 2 0 4 0 0 1 2 4 2 0 0 50 50 4 1 2 1 3 50 50 3 
2 4 4 4 15 3 0 3 0 2 2 50 20 0 0 0 2 4 4 3 1 4 2 0 50 3 0 50 4 0 1 4 3 0 1 1 4 3 3 1 1 0 1 0 2 3 1 50 3 4 3 4 1 0 50 50 1 1 0 3 1 0 4 1 2 1 1 1 50 3 1 4 2 2 50 0 0 50 0 3 0 0 1 3 0 0 50 1 1 1 38 0 50 2 3 0 50 
2 2 0 3 50 2 22 50 50 50 0 0 50 0 2 1 1 0 4 50 2 1 32 2 3 2 1 3 1 0 2 1 3 0 4 41 50 3 3 0 1 2 3 2 2 50 1 50 1 0 3 4 0 3 1 0 50 3 0 2 3 1 2 4 0 3 50 2 1 50 3 0 2 3 1 2 2 43 0 1 4 1 3 2 0 2 0 1 0 0 2 3 2 0 4 3 
50 4 0 0 2 2 0 0 0 0 0 1 0 1 50 2 3 2 0 1 3 2 2 3 1 4 0 50 0 1 2 50 1 1 1 3 4 1 50 0 4 4 50 3 4 1 2 50 3 4 3 1 0 0 0 2 50 50 2 2 50 2 3 3 2 2 3 0 4 0 4 1 4 50 50 0 0 0 3 1 1 1 50 4 3 3 0 2 4 50 2 50 4 2 4 
2 4 1 4 1 0 4 2 1 0 2 0 3 50 2 0 2 1 0 4 0 2 2 1 1 4 50 4 4 2 50 1 0 2 0 1 3 50 1 0 4 50 4 2 4 3 50 0 0 0 3 4 4 2 0 50 50 3 4 50 4 4 0 1 0 3 4 3 3 0 3 0 50 50 2 4 0 2 2 4 2 50 1 3 0 4 1 2 50 0 50 4 2 2 
0 0 2 1 3 1 4 4 3 0 50 2 2 50 2 50 4 1 42 0 4 50 3 1 3 2 2 50 0 4 3 4 3 2 1 3 2 0 0 2 2 26 3 0 3 3 0 0 4 3 2 3 50 0 3 2 50 3 2 2 1 50 50 1 1 2 1 50 2 50 0 0 0 0 0 0 3 50 3 4 3 48 4 0 2 50 3 0 4 3 1 0 0 
1 4 0 0 4 4 15 10 1 3 2 4 3 2 1 0 0 3 1 15 2 1 15 0 1 4 2 0 3 0 4 1 2 2 1 2 4 4 3 4 4 3 15 2 0 2 1 2 2 15 15 3 0 1 2 3 0 1 2 4 1 3 2 15 1 0 1 0 4 15 3 2 15 3 3 1 0 3 1 1 2 15 3 0 3 38 0 15 2 0 4 15 
3 8 50 50 50 0 0 50 1 2 1 1 4 1 50 4 3 32 4 4 1 2 2 1 4 3 4 0 3 3 41 50 4 0 2 2 2 0 1 0 50 2 50 2 3 2 1 1 3 2 1 50 4 2 4 0 2 1 1 3 1 50 3 1 50 2 2 2 2 4 3 0 43 0 2 2 3 4 2 4 0 0 3 0 1 0 2 4 0 0 4 
1 3 1 0 3 2 1 3 2 3 0 4 4 0 3 1 4 4 0 50 0 50 0 50 0 4 1 50 37 1 1 0 0 2 50 2 4 1 2 3 4 1 1 2 4 2 4 1 0 3 2 0 2 1 50 4 50 36 3 4 0 2 4 1 2 50 4 2 0 1 3 2 0 1 1 0 1 0 1 0 50 50 2 3 1 2 3 50 50 0 
22 22 8 3 3 22 0 2 4 1 4 2 8 1 0 8 1 1 3 0 2 1 3 3 1 4 4 2 20 8 4 1 0 3 4 1 2 3 22 4 22 2 2 1 3 4 0 0 4 8 1 2 0 4 1 2 4 4 2 8 2 4 22 2 4 1 0 4 4 4 43 2 1 0 1 4 0 1 4 1 1 0 1 1 4 1 3 0 4 
50 50 4 4 50 2 1 2 1 1 0 50 4 0 32 4 4 0 0 1 4 1 3 2 2 1 0 20 50 1 2 4 1 4 1 0 0 50 0 50 2 1 4 2 1 0 4 2 50 4 1 2 3 1 3 4 4 4 50 2 3 50 0 4 3 4 0 2 1 43 3 2 1 1 2 1 2 1 2 1 0 3 3 3 0 2 3 4 
50 4 3 50 1 1 2 0 2 1 50 1 4 32 3 0 4 3 0 3 2 0 2 1 4 3 20 50 3 0 4 4 1 4 0 3 50 2 50 3 0 4 0 1 1 1 0 50 0 0 2 4 3 3 2 1 3 50 3 0 50 4 4 1 4 2 1 3 43 1 4 3 0 3 4 1 4 1 2 2 1 2 3 3 1 3 4 
3 3 50 0 3 4 4 2 1 50 1 4 32 4 2 3 1 2 3 0 0 2 0 1 2 20 50 3 3 2 0 0 1 4 1 50 4 50 2 1 4 3 0 3 1 1 50 3 4 3 3 4 0 1 4 3 50 0 1 50 4 2 3 4 2 0 4 43 4 3 0 4 0 3 4 3 4 4 2 3 2 0 3 0 2 4 
20 0 1 4 1 0 3 0 4 3 4 4 50 4 0 50 3 0 4 1 3 2 2 0 1 3 3 2 1 0 3 2 3 2 2 50 3 1 0 3 0 4 50 50 3 0 0 3 3 1 1 2 0 3 0 4 50 2 3 2 2 3 50 4 4 50 1 0 3 4 3 0 1 2 50 3 2 4 38 1 50 2 4 3 50 
3 3 1 2 1 1 2 2 1 0 4 10 0 1 20 4 0 2 4 2 2 2 0 1 3 0 4 3 4 2 2 1 0 2 10 4 0 2 2 3 3 20 10 0 2 0 4 1 4 1 2 2 1 1 1 10 0 2 4 1 2 20 1 2 20 4 4 0 0 1 2 3 1 20 2 1 2 10 1 20 2 0 1 10 
0 0 2 2 4 1 50 2 2 32 2 1 4 0 3 1 0 3 0 0 0 0 41 50 2 4 4 4 1 0 3 2 50 1 50 0 3 1 3 2 3 4 2 50 4 3 3 3 3 3 4 1 3 50 2 1 50 4 2 4 4 4 3 2 43 3 0 1 3 4 2 2 0 3 1 2 3 0 2 1 2 1 2 
1 2 50 1 50 4 3 42 4 3 50 3 4 3 3 3 50 4 4 3 4 4 0 1 4 1 4 4 4 3 26 3 3 4 0 4 0 1 0 0 0 50 2 3 2 50 1 2 2 1 50 50 1 1 3 2 50 2 50 4 1 1 4 0 4 1 50 1 3 3 49 1 4 0 50 0 4 1 1 2 4 0 
4 1 50 4 3 50 4 1 0 0 0 2 4 1 4 0 50 2 1 3 3 2 50 50 1 3 50 50 0 2 3 4 3 3 50 50 50 50 4 0 1 2 3 4 0 0 1 0 3 4 0 2 0 50 3 3 1 1 3 1 4 0 4 3 50 2 50 50 1 1 3 3 1 1 2 2 4 1 2 1 0 
4 4 4 0 0 4 2 1 2 2 2 1 50 2 1 1 50 3 2 2 3 1 0 50 0 0 0 50 0 0 1 1 50 0 4 1 4 4 0 0 0 50 50 1 2 50 0 4 1 0 0 1 3 0 1 0 1 0 50 50 4 0 1 3 1 3 4 50 1 3 0 0 0 0 50 1 50 2 0 2 
2 50 0 2 42 4 1 50 4 4 3 1 4 50 3 1 4 1 1 3 0 4 3 4 1 1 3 26 2 4 2 2 4 3 1 1 2 0 50 0 4 2 50 3 1 4 3 50 50 3 0 1 3 50 1 50 2 4 2 3 4 1 1 50 0 0 4 40 3 3 4 50 4 4 2 0 0 2 2 
4 2 50 4 1 2 3 3 2 0 1 3 4 50 1 2 0 1 4 50 50 3 1 50 50 3 3 1 1 1 4 50 50 50 50 2 0 4 4 2 3 4 0 4 4 2 4 3 0 4 50 3 4 3 1 4 3 2 0 1 1 50 0 50 50 2 0 4 1 3 4 3 0 0 0 4 1 3 
4 4 42 0 0 50 3 3 3 1 3 50 1 3 3 1 0 4 0 2 0 0 4 4 4 26 4 3 3 1 1 3 3 1 0 0 50 0 0 0 50 3 2 2 1 50 50 3 2 3 0 50 2 50 0 0 2 0 4 0 1 50 1 2 2 49 2 1 1 50 2 1 0 1 0 4 1 
2 2 32 0 0 0 3 2 0 3 0 2 2 3 3 41 50 0 1 3 2 1 4 1 4 50 1 50 0 3 2 0 1 4 1 2 50 4 1 3 0 4 1 2 1 3 50 2 2 50 1 3 3 2 2 3 1 43 4 1 4 4 4 2 1 2 4 0 4 4 4 0 0 0 2 0 
1 4 3 2 3 1 0 1 0 4 50 0 4 0 2 2 50 50 3 4 50 50 2 1 1 4 2 3 50 50 50 50 2 3 3 4 4 0 2 2 1 2 1 3 3 2 4 50 2 4 4 2 1 3 2 3 1 1 50 1 50 50 0 3 0 1 4 3 1 0 4 4 2 3 1 
3 1 42 0 1 4 0 4 42 3 2 4 3 4 3 4 1 0 4 4 1 4 26 3 3 4 3 1 4 0 0 0 2 42 0 0 0 42 0 0 3 1 42 42 3 3 3 1 42 4 42 2 4 0 1 3 4 2 42 1 3 3 40 4 2 1 42 1 4 0 4 4 2 1 
3 1 1 3 4 2 1 0 2 1 3 0 41 32 2 3 3 0 4 0 1 1 32 2 32 2 3 3 0 2 3 3 4 32 0 0 0 1 3 1 3 0 0 32 3 1 32 2 1 4 1 0 0 3 43 0 1 0 2 2 3 2 1 0 0 4 1 0 3 0 0 3 2 
2 1 50 4 0 3 0 1 0 2 3 2 1 2 4 3 0 4 2 2 0 0 50 3 0 0 4 0 1 50 50 3 4 4 2 1 1 0 4 1 1 0 1 50 4 2 2 3 1 50 0 4 50 0 2 1 0 0 1 1 2 50 4 3 1 38 0 50 1 1 1 50 
3 3 3 0 1 50 3 0 0 0 0 2 4 4 3 1 1 4 3 47 4 1 2 2 1 2 2 4 1 2 50 0 4 3 50 2 4 3 1 50 50 1 1 0 2 50 0 50 3 2 0 3 3 1 3 50 1 3 1 40 2 2 2 50 2 4 0 4 1 0 3 
2 50 1 50 2 4 0 50 47 0 4 2 2 2 50 0 2 1 0 2 1 4 0 2 1 0 2 4 1 1 0 4 4 3 50 2 50 36 1 2 3 3 4 0 3 50 3 3 2 3 4 2 0 2 3 3 1 3 4 0 50 50 3 3 0 1 2 50 50 3 
1 2 4 3 3 2 3 1 3 2 2 3 4 3 1 4 0 4 0 50 1 1 2 1 1 3 50 50 3 1 1 2 4 2 2 1 0 2 3 3 50 4 3 4 0 3 50 3 2 50 0 1 0 1 2 1 0 1 50 2 2 1 38 4 50 2 0 4 50 
4 50 2 1 1 50 37 0 2 4 3 0 50 3 1 3 2 3 4 3 4 2 3 3 2 3 1 1 0 3 2 1 50 2 50 36 2 4 3 4 0 3 2 50 3 3 2 1 0 1 0 3 3 1 2 0 3 1 50 50 4 4 3 1 4 50 50 0 
4 0 4 50 2 4 4 3 4 3 50 1 3 3 50 4 0 4 3 50 4 3 0 3 4 0 3 0 50 50 4 1 50 2 2 1 0 0 2 2 3 1 4 0 3 50 50 2 2 1 4 3 3 3 50 3 0 3 4 4 0 50 2 50 0 4 0 
2 1 2 50 47 3 3 1 2 2 50 2 0 1 4 1 4 1 0 3 4 2 2 4 1 3 1 3 4 3 50 0 50 36 2 1 0 4 4 4 1 50 3 0 2 2 2 2 0 3 3 0 3 0 0 3 50 50 1 2 2 2 3 50 50 1 
4 2 3 2 2 3 1 4 4 2 1 3 3 26 2 4 2 1 4 0 2 0 0 3 50 4 0 3 50 1 4 3 3 50 50 1 2 1 0 50 0 50 4 1 4 4 3 4 1 50 0 4 3 49 0 3 2 50 0 0 4 1 1 4 1 
3 3 3 4 0 50 50 1 3 50 50 0 2 3 4 0 4 50 50 50 50 0 0 1 3 1 0 3 3 1 1 3 3 4 3 3 50 1 0 3 1 0 4 2 0 4 2 50 0 50 50 1 0 4 2 4 4 1 0 2 1 3 3 3 
1 4 0 4 3 3 50 4 4 2 50 2 3 1 0 50 1 0 3 2 3 2 4 2 50 50 0 0 50 3 0 4 0 4 4 2 1 4 4 4 4 50 50 2 4 0 4 2 2 2 50 1 0 4 4 2 4 50 2 50 4 1 2 
37 2 1 0 1 2 50 2 4 4 4 3 2 3 2 3 4 4 2 0 3 2 2 3 1 0 50 1 50 36 3 1 0 4 4 3 0 50 0 1 1 1 2 0 0 3 3 3 4 4 0 0 50 50 3 4 2 3 0 50 50 1 
4 0 2 3 0 47 3 2 1 4 2 3 4 1 2 4 1 2 3 1 0 2 3 1 2 47 3 47 47 2 2 1 4 3 3 0 47 0 0 1 3 1 3 37 2 1 1 1 3 1 1 37 37 0 1 4 4 4 47 47 1 
20 2 1 0 4 0 1 3 4 20 2 41 2 4 1 2 0 1 1 1 20 2 0 2 3 2 3 1 1 4 20 4 3 41 3 0 3 3 2 4 2 20 2 4 3 0 2 0 2 1 2 3 2 1 1 0 0 2 0 0 
0 1 2 2 3 0 2 3 50 0 50 1 2 4 2 1 0 3 1 50 2 4 0 3 0 3 3 2 1 50 2 1 50 2 1 3 4 0 2 1 43 3 3 1 0 0 0 4 3 1 0 1 1 2 2 4 3 3 1 
50 3 1 50 50 0 3 0 0 4 1 50 50 50 50 0 0 2 2 3 4 2 3 1 3 3 3 1 4 2 50 2 3 3 3 4 2 0 2 4 2 50 1 50 50 2 1 1 4 2 2 4 0 2 4 4 1 4 
2 3 50 50 4 2 4 4 3 2 50 50 50 50 3 3 0 4 1 0 2 2 3 3 0 1 0 3 2 50 3 4 3 3 3 3 2 2 1 3 50 3 50 50 4 0 2 2 3 1 2 4 2 0 1 4 1 
0 0 0 50 0 3 0 0 50 2 0 1 1 3 2 3 3 50 50 0 3 50 4 2 1 3 1 2 1 0 3 2 3 2 50 50 3 0 4 0 1 0 0 50 4 0 3 4 0 2 50 2 50 1 1 0 
3 4 0 1 1 3 1 2 1 2 0 4 2 2 4 2 0 3 2 50 2 50 36 0 3 2 0 3 4 3 50 2 0 3 3 3 2 0 3 0 4 2 3 0 0 50 50 1 3 4 3 2 50 50 3 
50 0 1 1 4 3 2 50 50 50 50 1 2 2 3 2 0 4 2 1 0 0 0 4 0 2 50 2 3 3 0 1 4 3 2 1 2 50 0 50 50 4 2 1 0 4 0 0 2 0 4 0 2 3 
4 4 3 2 4 1 50 50 50 50 2 0 0 2 3 2 2 4 3 4 0 4 3 3 4 50 0 1 1 0 1 3 4 1 2 1 50 4 50 50 3 3 0 1 1 2 2 1 3 3 2 4 4 
4 0 0 2 50 1 4 3 1 0 4 3 4 50 50 4 1 50 2 1 0 3 1 1 2 1 3 3 4 4 50 50 2 1 0 2 4 3 2 50 0 0 3 0 1 3 50 4 50 2 2 4 
0 4 0 3 1 3 0 2 0 4 47 1 3 1 47 3 2 3 0 26 26 2 0 0 2 26 0 47 0 1 4 2 3 3 2 26 2 3 1 47 4 2 4 47 0 1 4 1 3 2 4 
2 50 4 1 4 0 4 0 0 4 50 1 4 4 1 1 3 1 1 2 50 2 0 50 0 0 4 1 1 4 4 43 4 4 3 0 0 1 0 1 3 1 2 3 2 2 1 0 3 3 
1 1 2 2 4 2 50 50 2 1 1 1 4 1 0 2 2 0 1 0 50 3 0 3 0 4 50 0 2 50 3 4 3 3 3 3 4 2 50 3 4 2 38 0 50 3 4 1 50 
4 4 0 1 2 4 1 4 50 1 4 3 4 0 3 0 2 2 50 1 2 50 3 4 1 2 4 4 4 43 4 4 1 1 1 4 0 2 2 3 2 3 3 3 1 4 3 0 
1 3 2 1 0 0 3 0 50 50 4 2 50 3 1 2 0 1 0 3 0 0 2 2 3 50 50 3 3 4 3 2 3 0 50 3 4 1 3 1 2 50 2 50 2 2 2 
50 50 50 3 2 2 3 1 1 4 4 4 1 1 4 2 1 4 50 1 2 0 0 4 4 3 3 3 4 50 1 50 50 1 0 4 2 0 2 1 3 0 0 1 2 3 
50 50 1 3 2 4 1 3 1 4 0 2 2 3 1 0 4 50 2 0 4 1 0 3 2 2 0 3 50 2 50 50 3 3 3 0 2 1 3 1 3 0 0 3 0 
50 3 1 4 0 1 3 2 4 2 4 0 3 0 4 3 50 4 1 2 0 3 0 0 3 0 2 50 1 50 50 4 0 4 3 2 4 1 3 3 2 1 1 2 
0 2 2 0 1 4 3 4 0 0 2 0 4 1 0 50 1 4 3 0 4 3 0 0 3 1 50 0 50 50 4 3 3 0 2 1 4 2 4 2 4 2 1 
50 2 3 3 2 4 3 4 0 4 1 3 2 50 4 1 4 0 2 50 2 2 50 2 1 4 0 4 4 0 4 50 0 2 1 38 1 50 3 1 1 50 
1 4 4 3 1 4 3 3 4 4 0 1 50 2 0 2 0 2 50 3 3 50 4 3 1 1 0 2 4 1 50 0 1 0 38 0 50 3 0 2 50 
3 2 3 50 0 3 0 2 50 50 3 4 1 1 50 0 50 2 4 2 3 4 3 2 50 2 0 1 48 2 3 0 50 0 4 1 1 1 3 4 
0 2 3 0 2 1 3 1 2 50 1 4 50 1 3 3 0 4 4 4 43 4 2 1 3 3 3 0 0 4 0 4 2 1 0 3 1 3 4 
50 4 1 50 0 4 3 4 2 4 1 1 3 1 2 0 50 50 1 4 0 3 2 3 3 50 1 3 0 4 3 1 50 1 50 2 0 2 
1 2 50 4 1 4 1 4 1 3 3 0 0 0 2 50 50 1 4 2 2 3 2 2 50 1 2 0 4 2 0 50 1 50 0 2 2 
3 1 3 4 50 50 0 1 0 1 50 2 50 0 4 3 2 1 4 2 50 3 1 2 48 4 1 0 50 3 1 1 0 1 2 4 
1 50 36 2 0 1 4 2 0 0 50 3 0 2 2 4 1 0 3 1 4 3 1 2 4 50 50 3 2 3 3 0 50 50 3 
4 1 2 4 0 2 0 3 2 1 0 2 50 50 3 0 1 2 0 1 4 50 3 1 4 2 4 3 50 1 50 1 1 2 
36 3 2 0 4 3 1 2 50 1 1 0 1 3 4 0 1 1 0 0 0 3 4 50 50 2 2 0 3 2 50 50 2 
3 3 2 1 3 4 0 36 2 1 0 1 0 0 0 2 1 0 3 4 4 3 36 36 2 4 2 4 1 36 36 1 
50 3 1 2 2 50 1 50 2 4 4 0 1 4 4 50 3 3 0 40 3 4 4 50 4 4 0 4 1 2 1 
2 3 0 4 50 0 50 0 4 4 2 4 4 0 50 0 4 2 48 4 1 4 50 1 2 2 4 3 3 0 
4 4 50 1 3 4 4 2 4 2 43 1 3 2 0 1 2 1 4 3 0 1 4 0 1 3 0 3 0 
4 3 0 1 3 50 2 3 50 1 1 3 1 1 0 2 4 50 1 1 4 38 4 50 1 3 3 50 
4 2 0 0 3 1 2 4 3 4 50 3 50 50 1 1 2 4 2 3 4 4 2 3 1 1 1 
0 2 2 1 0 1 4 43 0 3 3 4 0 0 4 3 2 0 1 0 3 2 0 3 0 3 
1 50 3 2 3 0 2 3 3 50 1 1 4 40 2 2 1 50 3 4 4 2 3 4 0 
1 1 3 2 2 2 0 1 3 4 4 1 2 2 50 50 3 0 0 4 0 50 50 4 
2 0 2 1 4 2 2 50 4 1 0 40 0 2 3 50 1 3 1 2 2 1 0 
3 0 50 1 4 1 4 1 0 4 4 50 4 2 1 38 1 50 0 0 1 50 
50 4 3 1 3 0 4 0 50 3 2 2 3 1 0 50 4 50 4 3 0 
3 0 3 3 3 4 4 50 4 1 1 3 1 4 50 4 50 0 2 3 
4 2 1 4 4 3 3 4 50 1 4 2 38 4 50 2 0 3 50 
1 3 2 3 3 1 4 0 3 2 1 0 2 3 2 4 1 2 
2 0 2 2 2 3 3 0 0 4 3 1 3 3 0 0 0 
2 50 50 1 4 2 4 2 4 4 4 1 1 4 3 2 
4 0 2 24 4 3 0 50 0 1 1 0 0 0 0 
50 2 2 3 3 2 0 0 2 4 0 3 2 4 
1 2 2 4 1 1 4 3 1 3 1 0 1 
3 2 4 0 4 0 50 1 50 3 4 4 
3 4 1 24 1 4 3 2 0 3 2 
3 2 1 38 4 50 4 0 4 50 
50 4 1 3 0 2 50 50 0 
4 1 3 4 1 50 50 2 
1 2 2 4 2 4 3 
4 38 1 1 1 38 
1 50 3 1 1 
4 3 0 50 
4 1 3 
50 3 
1 

