100 125
0 3 2 0 2 2 125 2 0 2 3 2 2 0 1 0 1 0 2 1 3 125 3 1 125 0 1 125 1 0 0 1 3 125 0 1 3 3 1 2 2 3 3 0 125 0 0 0 1 125 0 0 3 0 125 3 3 1 2 2 1 3 3 3 1 1 0 1 2 3 1 0 125 1 2 0 3 125 0 3 125 125 0 2 1 1 3 2 1 3 3 2 0 1 0 125 0 125 125 
0 0 1 0 1 1 1 2 2 0 92 125 1 3 3 0 3 3 1 0 2 0 0 2 125 2 3 3 77 125 2 3 0 1 1 0 2 3 0 3 1 3 2 3 0 1 2 2 1 0 0 0 1 2 2 125 1 3 3 125 3 3 2 1 60 2 125 3 0 2 1 3 1 125 3 125 3 20 1 2 0 125 0 125 3 3 1 125 0 2 1 2 125 0 1 0 0 2 
1 125 125 1 3 1 2 41 0 0 2 3 1 125 2 125 0 125 0 2 1 2 3 0 2 1 125 3 2 3 3 2 3 3 3 3 0 1 1 125 3 1 1 0 0 3 2 2 3 3 0 2 0 0 3 3 1 1 2 3 3 125 3 0 0 0 125 3 125 125 0 125 3 3 1 1 3 0 0 2 3 2 1 51 125 1 2 0 2 0 3 1 84 2 3 1 1 
1 2 125 3 0 2 2 2 2 2 125 2 0 2 2 2 0 1 1 3 3 1 2 1 1 2 1 2 2 0 0 3 3 0 1 2 125 2 1 3 125 3 125 0 2 1 2 2 125 125 125 3 125 0 1 2 1 3 125 125 3 1 3 125 1 0 1 0 3 0 1 3 0 0 2 1 1 1 3 2 0 3 1 2 125 2 0 3 125 1 0 1 3 125 0 1 
125 1 2 0 0 41 3 3 2 0 0 125 0 125 1 125 2 1 3 3 0 1 1 2 125 1 0 0 3 0 0 0 2 2 2 3 1 125 2 1 0 1 1 1 0 2 3 1 3 1 1 0 0 0 1 2 0 1 2 125 2 1 3 2 125 1 125 125 0 125 3 1 0 3 3 3 2 3 2 2 2 51 125 2 0 0 3 2 3 1 84 0 3 2 3 
1 3 2 3 41 2 0 1 2 0 125 3 125 0 125 3 3 1 2 1 2 2 2 125 3 2 1 1 0 3 2 1 0 2 1 1 125 3 3 1 1 0 3 3 0 1 1 1 3 3 2 2 0 3 3 3 3 2 125 2 1 3 2 125 2 125 125 3 125 0 0 0 3 1 1 0 0 3 0 1 42 125 1 3 3 1 1 1 3 84 2 2 3 2 
2 2 3 0 2 0 3 125 3 2 3 3 2 1 0 0 1 1 1 3 3 2 2 1 2 3 2 1 1 3 2 2 2 125 2 1 2 125 1 125 1 3 2 1 0 125 125 125 0 125 2 2 1 0 1 125 125 1 2 1 125 2 3 3 0 0 1 3 0 1 1 1 0 3 0 2 0 2 0 2 0 125 2 1 1 125 0 1 2 2 125 3 1 
2 1 3 2 2 3 0 3 0 1 1 0 1 0 125 2 0 125 0 2 125 0 1 3 3 0 125 2 0 0 2 2 2 2 3 3 3 125 2 2 0 0 125 0 0 1 0 125 3 2 1 1 2 2 1 2 2 0 2 2 2 3 1 0 2 125 2 2 3 3 125 3 0 125 125 1 2 1 0 1 3 3 1 0 0 3 2 0 125 1 125 125 
125 2 3 2 0 2 125 0 117 3 41 2 3 2 2 125 2 0 125 2 2 1 3 1 125 0 1 125 0 125 2 0 3 1 125 3 1 2 0 3 3 0 3 0 0 0 0 3 2 2 3 80 3 0 1 2 0 2 1 2 1 125 2 0 0 0 0 25 1 3 1 125 3 1 3 125 2 2 1 0 2 3 125 1 0 2 2 1 2 1 1 
2 1 3 2 1 125 0 117 3 41 3 1 2 0 125 0 2 125 0 2 1 2 1 125 1 3 125 1 125 1 1 3 2 125 3 1 2 1 3 0 3 2 2 3 2 3 3 0 1 3 80 1 3 3 1 2 3 0 2 2 125 1 0 2 0 1 105 1 1 2 125 2 2 3 125 3 3 2 2 1 1 125 0 2 2 0 0 1 2 3 
0 2 3 0 3 41 0 41 3 41 3 0 3 3 3 1 1 3 41 3 3 1 0 3 2 0 1 3 2 2 2 41 3 1 1 2 3 2 0 1 3 2 2 2 1 1 0 1 1 0 1 2 1 41 2 3 3 1 41 0 41 41 1 41 2 3 3 3 1 2 0 2 3 1 1 42 41 3 2 2 1 2 2 1 84 1 0 1 0 
2 0 2 1 0 1 2 0 1 11 0 11 0 3 1 2 3 2 3 3 83 3 2 11 2 11 2 83 2 11 1 0 1 2 0 117 11 11 2 64 3 1 3 2 0 0 11 11 0 0 1 1 1 83 3 3 1 1 1 1 0 3 0 2 2 3 2 3 3 1 3 1 0 3 2 2 1 1 11 1 3 11 3 2 1 3 1 0 
92 0 0 0 3 3 0 0 1 3 0 2 3 97 0 3 0 97 97 3 3 1 0 2 3 1 3 3 3 1 2 0 3 2 0 1 2 2 1 1 0 0 2 2 97 0 2 0 97 3 0 2 3 97 1 97 3 0 0 3 2 0 97 3 92 1 97 0 0 2 92 0 92 1 1 1 92 2 3 3 0 92 0 3 0 1 3 
0 0 0 1 0 2 0 1 2 1 1 2 125 0 0 3 77 125 1 3 2 3 3 3 0 2 3 0 3 1 0 3 1 1 3 0 1 3 1 3 0 2 3 125 1 3 1 125 2 1 0 2 60 1 125 2 3 3 2 2 0 125 0 125 2 20 0 2 0 125 3 125 0 2 3 125 2 3 2 2 125 1 2 0 0 1 
0 0 2 2 3 2 3 2 0 0 2 1 3 0 1 1 2 0 3 0 1 3 3 3 2 125 3 3 2 125 2 125 2 0 0 1 0 125 125 125 2 125 1 0 2 1 0 125 125 0 2 0 125 0 3 3 0 0 2 1 3 0 1 0 3 2 1 0 1 3 1 1 0 125 3 3 1 125 2 1 0 2 125 3 2 
2 117 1 41 0 1 0 2 125 1 0 125 1 2 3 2 0 125 1 3 125 1 125 0 2 3 2 125 2 0 2 0 3 0 0 1 3 2 3 0 0 1 0 2 80 0 3 2 1 0 0 2 1 1 125 3 1 2 1 1 112 2 3 3 125 2 0 1 125 2 3 1 2 0 1 125 2 1 2 1 2 2 0 3 
0 125 2 125 1 2 3 3 1 1 1 3 125 1 1 0 0 3 1 0 1 3 2 0 3 125 3 0 2 2 0 3 3 3 1 2 0 1 0 3 2 0 3 0 3 1 1 125 3 2 1 2 125 2 125 125 1 125 2 2 3 2 0 3 0 3 3 2 0 42 125 2 3 1 3 1 2 0 84 3 1 1 0 
3 62 2 0 1 1 62 2 3 62 2 0 1 1 0 117 2 3 117 3 62 2 1 1 3 62 2 0 2 3 2 0 2 2 3 3 1 3 3 0 3 2 62 1 2 3 1 2 2 3 3 2 117 0 1 2 0 1 117 3 1 0 62 0 3 0 117 3 3 1 2 1 0 62 2 0 0 0 0 3 2 3 
1 125 2 2 2 2 0 2 3 2 125 2 3 1 2 1 0 1 0 2 3 3 3 125 2 2 0 0 0 1 3 2 2 1 3 0 2 0 3 3 0 3 3 1 3 125 3 2 0 2 125 1 125 125 0 125 0 3 3 2 2 2 1 2 3 3 3 51 125 2 3 3 1 3 0 1 84 1 1 0 1 
1 0 0 3 41 2 3 41 3 1 0 3 1 41 3 3 41 1 41 3 1 0 2 41 2 1 2 0 1 2 3 3 0 1 1 0 1 1 2 1 80 0 2 2 2 2 0 3 1 1 41 3 2 0 2 0 105 0 0 2 41 3 2 2 41 3 2 0 0 1 2 41 0 0 0 1 2 1 2 2 
0 3 2 2 2 3 0 0 125 3 0 0 0 1 2 3 1 0 0 2 1 125 2 0 3 0 3 2 2 2 3 2 0 2 3 2 3 0 2 0 3 1 1 125 2 1 0 3 125 2 125 125 1 125 1 1 3 3 0 0 1 0 1 1 1 51 125 0 3 2 2 1 0 2 84 1 2 0 2 
0 125 2 3 3 3 3 3 3 3 125 2 3 125 0 125 3 125 0 125 2 1 1 3 2 117 125 125 3 106 1 3 1 0 3 1 125 120 2 0 3 1 0 125 1 1 3 0 2 0 3 0 1 2 2 2 2 3 1 2 3 1 0 2 0 3 0 1 125 1 0 125 0 3 1 0 1 1 
3 1 125 2 3 125 2 1 0 0 1 125 1 3 2 3 3 3 0 3 0 2 125 0 0 1 0 125 1 3 1 3 125 3 3 0 2 0 0 2 0 3 3 0 3 2 0 3 0 0 125 1 2 3 2 125 3 0 125 125 0 2 2 3 1 3 3 3 0 2 2 2 1 125 1 125 125 
3 0 3 2 2 0 3 2 125 0 0 125 3 125 1 125 1 125 3 1 2 0 1 117 125 125 1 106 1 0 3 0 3 2 125 120 1 0 1 3 1 125 2 1 1 3 3 1 3 3 1 0 3 3 3 1 0 3 2 2 0 0 1 1 3 3 125 1 0 125 0 1 2 3 2 3 
3 2 125 0 1 3 3 1 125 1 1 125 3 125 2 3 3 1 125 0 0 0 1 1 1 3 2 1 1 2 3 1 1 0 1 80 0 3 3 1 0 1 1 3 3 125 2 0 3 3 1 105 2 2 2 125 2 3 1 125 2 2 2 0 1 0 125 0 1 2 1 1 3 3 0 
2 3 125 1 3 1 3 3 125 2 0 1 3 2 0 3 2 3 1 125 2 0 1 0 125 2 3 3 3 125 1 1 0 3 1 0 0 0 3 0 2 0 1 3 3 0 2 125 1 1 1 3 125 3 2 125 125 1 3 0 1 2 1 2 2 2 2 3 1 1 125 0 125 125 
1 1 1 77 125 2 1 3 2 2 3 1 3 2 3 2 1 3 0 3 3 3 2 2 0 2 2 3 3 0 125 1 0 2 125 3 0 2 2 60 2 125 2 0 0 0 0 0 125 3 125 3 20 0 0 0 125 1 125 1 3 0 125 3 0 1 1 125 2 1 3 1 0 
0 3 0 2 2 125 3 1 125 3 125 0 3 2 0 125 2 1 0 1 0 0 3 0 3 3 1 1 2 0 0 1 80 3 1 2 2 1 0 1 2 2 125 2 2 0 3 3 25 2 0 2 125 0 2 3 125 0 1 0 0 0 2 125 0 0 1 3 2 3 2 0 
3 0 2 0 1 125 0 3 2 0 2 1 1 1 2 2 125 2 3 0 0 125 1 1 1 3 125 2 1 3 1 3 3 3 2 0 3 1 3 0 1 1 2 3 125 1 0 0 3 125 1 1 125 125 1 3 0 0 0 2 3 3 3 0 1 1 0 125 3 125 125 
1 2 1 0 0 0 3 2 3 2 2 2 125 0 0 0 1 1 0 2 2 0 1 1 2 3 3 2 0 0 1 1 2 2 125 1 2 0 2 125 3 125 125 3 125 2 1 2 3 2 0 0 0 1 0 1 51 125 3 0 1 1 0 0 0 84 3 1 1 3 
77 0 3 3 0 2 1 2 2 0 3 1 0 2 0 1 2 2 1 2 3 1 2 0 3 1 77 3 3 0 77 0 0 2 0 60 1 77 3 0 1 2 3 3 77 0 77 0 20 1 2 1 77 2 77 1 1 2 77 1 2 2 3 77 0 1 1 0 3 
0 3 0 1 2 0 1 1 0 2 0 0 0 2 1 3 3 2 0 1 2 1 3 3 3 125 0 2 0 125 1 1 3 2 60 0 125 2 2 1 1 0 2 125 2 125 1 20 2 3 2 125 2 125 0 0 2 125 2 2 2 2 125 1 2 0 3 1 
2 1 125 1 125 1 125 3 125 1 3 0 1 1 117 125 125 0 64 3 2 0 1 3 2 125 120 1 1 0 2 0 125 1 1 3 2 3 0 2 0 0 2 0 3 1 2 2 3 2 2 2 1 3 3 2 2 125 3 2 125 2 0 0 1 2 2 
1 2 125 1 125 1 1 2 0 125 0 2 1 3 1 2 1 0 2 0 2 3 1 3 1 2 80 2 0 3 0 3 3 2 2 1 125 0 3 0 3 1 25 1 2 2 125 1 0 1 125 2 1 0 0 3 3 125 0 0 0 1 2 2 0 3 
2 1 1 1 0 2 3 2 2 3 125 0 3 1 0 125 3 0 1 3 125 2 0 1 0 2 0 2 3 0 3 1 1 2 2 2 3 2 125 2 0 2 1 125 0 0 125 125 1 0 2 2 2 1 2 2 2 1 1 3 0 125 0 125 125 
0 125 0 125 3 125 1 2 1 0 0 117 125 125 2 106 1 2 2 0 1 3 125 120 1 3 1 3 1 125 2 2 0 2 3 3 0 1 1 1 2 3 1 0 1 1 1 0 2 2 2 1 3 1 125 2 2 125 0 3 0 1 1 2 
2 125 1 2 1 3 125 0 1 1 2 3 3 0 3 0 2 1 2 0 2 3 3 80 2 3 2 0 0 0 1 3 2 125 0 0 1 3 2 112 1 2 1 125 1 1 0 125 2 1 2 1 3 3 125 2 0 0 0 1 0 1 2 
0 125 2 125 2 2 3 3 0 119 125 125 0 106 0 1 0 1 3 0 125 120 2 0 2 1 0 125 1 1 2 2 0 0 0 0 3 1 2 2 1 0 3 0 0 1 2 1 3 2 1 2 125 3 0 125 1 3 1 0 2 0 
3 3 1 2 125 2 0 0 1 1 2 3 0 3 2 2 3 2 2 3 3 80 3 2 3 3 1 3 1 3 3 125 2 3 0 0 2 112 2 0 1 125 2 3 2 125 3 1 1 0 1 1 125 3 2 0 2 1 2 3 1 
2 125 3 1 3 1 1 119 125 125 2 106 3 0 3 3 1 2 125 120 0 1 0 0 2 125 2 2 3 0 0 0 2 2 2 1 1 0 2 2 1 1 1 1 0 1 2 2 0 3 125 0 2 125 0 2 3 1 2 3 
2 1 1 125 0 125 1 3 1 0 0 125 125 125 0 125 1 1 0 1 1 125 125 2 3 2 125 1 0 3 1 0 0 2 2 2 0 0 0 0 2 3 1 1 0 0 1 125 2 3 2 125 1 0 1 3 125 1 0 
2 0 3 1 1 117 125 125 2 106 1 2 3 2 3 0 125 120 3 0 0 1 1 125 1 0 1 2 3 2 1 0 1 0 0 3 2 2 3 2 1 1 3 2 3 0 1 3 125 3 1 125 0 1 0 3 0 3 
2 0 1 0 1 2 3 1 3 1 3 1 3 2 3 2 2 0 3 2 2 125 1 1 1 2 125 2 125 125 0 125 2 3 1 3 3 3 2 1 3 1 0 51 125 0 1 2 0 2 0 3 84 1 2 1 2 
0 3 2 1 2 2 2 1 3 2 3 1 3 0 1 0 80 1 1 0 0 0 1 2 2 0 125 3 2 2 3 0 25 3 3 2 125 3 0 0 125 3 0 1 2 1 0 125 2 0 0 0 2 3 1 0 
1 125 2 0 2 3 3 125 125 125 0 125 1 3 0 3 1 125 125 0 0 0 125 3 0 3 3 0 2 0 1 2 3 3 1 3 2 0 1 3 3 1 3 125 1 0 2 125 0 1 3 3 125 0 0 
0 0 0 3 125 2 3 0 2 125 1 1 0 2 3 3 3 3 0 1 1 1 1 3 2 3 0 125 1 2 3 2 125 0 1 125 125 3 2 3 1 1 3 2 2 1 3 3 2 2 125 2 125 125 
1 0 1 2 3 125 125 125 2 125 2 0 2 3 1 125 125 3 1 2 125 3 0 0 0 3 2 1 2 0 3 0 1 2 2 1 3 2 3 1 0 125 1 2 2 125 2 1 1 3 125 2 2 
117 119 1 64 2 3 0 0 1 2 119 117 3 3 3 3 1 119 3 3 3 0 0 3 3 1 1 0 1 2 2 2 3 1 0 0 2 2 3 2 1 0 119 1 2 117 2 0 1 3 1 1 
125 3 64 0 0 2 3 2 3 125 120 0 2 2 0 1 125 1 3 0 1 1 1 0 1 3 3 2 1 2 3 3 2 1 3 0 2 3 2 2 0 125 3 2 125 3 2 0 1 1 2 
2 64 0 2 0 0 3 1 125 120 2 3 3 2 3 125 2 2 3 1 2 2 1 2 1 1 3 2 3 1 0 0 3 3 2 1 3 3 1 0 125 3 1 125 1 1 0 0 0 2 
2 0 1 3 125 3 3 3 0 0 1 1 1 3 1 3 3 3 3 1 1 0 125 2 0 2 3 125 2 0 125 125 3 1 1 3 1 3 3 1 2 0 2 0 2 125 1 125 125 
0 0 0 3 3 0 64 106 2 0 3 2 1 64 2 0 2 3 3 0 0 0 2 1 3 3 0 0 0 0 0 3 1 1 3 3 0 3 106 1 0 106 2 1 3 1 1 3 
125 125 2 125 0 2 0 3 2 125 125 0 1 3 125 3 0 2 2 1 1 0 3 3 2 1 1 0 3 0 1 1 1 2 0 125 3 3 0 125 2 0 0 0 125 3 1 
125 0 125 0 0 2 3 1 125 125 1 3 3 125 2 1 3 3 0 3 3 1 1 3 2 1 2 2 3 2 3 3 1 3 125 3 1 2 125 3 2 3 3 125 0 2 
0 125 0 0 0 3 1 125 125 1 2 3 125 2 0 0 0 2 0 0 1 1 0 2 2 2 1 0 0 3 0 2 2 125 0 0 2 125 2 1 3 3 125 0 2 
3 0 2 0 1 1 3 0 1 1 0 3 0 2 2 3 0 125 2 1 0 1 125 2 3 125 125 2 3 2 0 0 1 2 2 0 0 3 0 3 125 3 125 125 
3 0 2 1 0 125 125 2 3 3 125 3 2 2 1 0 2 3 2 0 0 0 0 3 0 2 1 0 1 1 2 125 2 2 1 125 1 0 1 0 125 3 0 
3 2 1 125 2 0 1 1 60 0 125 0 2 1 1 3 0 125 0 125 0 20 2 2 0 125 3 125 2 0 0 125 0 2 0 0 125 3 2 0 2 0 
120 1 1 1 0 3 125 3 3 0 0 0 3 1 0 0 2 0 1 1 0 3 0 2 2 3 0 0 1 2 3 125 2 1 125 1 2 2 1 3 0 
2 2 2 1 3 120 2 3 1 1 1 2 1 3 2 3 0 3 2 2 1 1 1 1 1 0 1 0 3 1 120 2 2 120 2 3 2 0 2 3 
1 2 2 3 2 2 2 2 1 80 0 3 2 3 0 25 3 2 2 80 3 1 0 80 3 1 0 1 2 1 80 2 3 3 0 3 0 2 1 
2 0 3 0 60 2 125 1 0 2 1 1 1 125 0 125 2 20 3 2 2 125 1 125 3 3 0 125 1 2 0 0 125 0 3 3 3 1 
125 3 3 0 125 2 0 3 1 3 1 2 2 2 1 0 0 2 1 2 0 0 3 0 2 125 3 2 2 125 1 2 3 2 125 3 3 
1 2 1 125 1 2 2 3 1 0 2 1 0 2 3 0 2 1 1 0 3 3 2 1 125 3 1 1 125 0 1 3 3 125 3 2 
0 3 3 2 125 2 125 125 1 125 0 0 2 3 2 0 1 0 2 0 1 42 125 1 0 3 0 2 0 2 84 3 3 0 2 
0 3 2 3 1 1 1 1 3 0 2 3 3 3 1 1 2 2 1 1 2 1 0 2 125 1 1 125 1 0 3 0 3 2 
2 60 1 3 2 0 0 2 60 1 60 2 60 3 3 0 60 0 60 1 2 2 60 0 3 1 3 60 1 3 1 0 0 
1 0 2 2 0 1 2 1 2 0 2 2 2 2 3 0 1 1 3 3 125 3 3 2 125 0 3 2 0 125 2 2 
0 3 3 0 1 2 125 0 125 0 20 0 0 1 125 1 125 3 0 1 125 2 0 1 3 125 2 1 0 3 1 
1 125 125 2 125 3 2 0 3 3 1 0 3 2 0 1 51 125 0 0 3 0 0 0 3 84 1 3 1 1 
2 0 3 2 3 25 1 0 2 125 2 3 2 125 0 2 0 1 0 3 125 2 3 2 2 2 0 3 0 
125 0 125 3 0 2 1 3 3 2 2 3 3 0 51 125 3 2 3 3 1 0 3 84 3 2 3 0 
1 125 1 2 0 3 2 0 1 1 0 3 2 51 125 1 1 2 2 3 1 2 84 2 1 3 1 
2 1 3 1 125 2 3 125 125 0 1 1 3 2 1 2 0 3 1 0 1 3 125 1 125 125 
2 3 3 0 2 0 1 3 3 1 3 51 125 0 3 2 3 2 0 3 84 0 1 2 0 
1 125 2 20 1 3 3 125 0 125 1 3 1 125 3 3 1 1 125 2 2 1 0 0 
1 3 1 105 0 1 1 112 3 0 0 1 2 0 112 3 3 2 2 3 2 3 3 
2 20 0 1 2 125 2 125 1 1 3 125 0 3 0 2 125 2 0 0 2 0 
1 0 125 125 2 3 3 0 2 1 3 0 3 3 1 0 3 125 0 125 125 
3 2 0 20 0 20 3 1 0 20 2 0 2 3 20 0 3 0 0 0 
1 3 1 125 1 2 0 1 2 1 125 1 2 2 2 3 2 0 2 
125 1 1 0 2 2 3 0 2 1 0 3 0 0 125 1 125 125 
1 0 3 0 2 0 3 3 1 0 1 0 3 125 1 125 125 
2 125 2 3 2 125 3 1 1 2 125 1 0 1 2 0 
1 0 2 2 1 3 125 0 2 2 2 2 3 0 2 
0 3 0 125 1 0 1 1 125 1 1 1 0 1 
42 0 0 0 2 3 1 1 42 3 3 1 1 
3 1 3 1 0 2 3 84 3 0 3 1 
3 1 0 125 1 2 3 1 125 2 0 
2 3 1 1 125 0 3 0 2 0 
1 2 125 1 0 0 0 3 1 
2 2 0 1 2 2 3 1 
2 2 1 0 125 2 1 
1 3 1 2 3 2 
3 2 0 3 3 
3 3 2 3 
3 125 125 
2 2 
125 

