100 50
36 12 6 8 0 7 50 5 2 0 0 50 0 1 7 1 1 2 5 7 3 32 2 8 2 50 6 7 50 6 50 8 7 3 3 6 1 1 1 8 4 45 8 2 50 2 4 5 1 5 2 4 1 17 8 50 0 7 44 8 13 7 50 3 8 2 3 4 3 8 2 0 3 2 1 5 0 7 8 5 3 1 3 3 0 1 7 0 2 7 6 46 1 3 0 4 4 2 1 
3 5 8 3 3 6 5 1 2 4 36 8 2 2 8 1 7 4 3 1 36 3 8 8 36 8 7 6 7 36 6 4 3 3 6 8 2 5 7 1 6 5 4 6 8 7 7 4 3 2 7 3 3 5 36 0 1 46 8 36 5 6 2 1 5 3 2 3 3 8 7 2 0 6 7 2 8 1 1 6 8 5 0 6 3 2 3 0 6 0 36 2 2 0 0 5 2 6 
7 6 8 2 12 2 0 0 3 12 6 3 1 2 3 8 6 6 1 32 8 0 2 12 2 6 12 7 12 5 2 7 3 6 4 5 4 2 4 34 6 4 12 0 7 7 4 8 4 7 1 17 4 12 5 5 44 7 12 7 12 3 2 5 0 3 6 1 3 1 5 7 8 0 3 6 7 3 7 1 6 3 0 2 6 8 5 4 0 12 2 5 5 4 0 7 7 
3 6 2 4 2 7 3 4 3 0 1 7 29 3 8 2 5 7 2 50 50 4 6 4 7 6 4 6 4 3 50 23 0 5 3 7 1 4 0 50 1 1 6 4 6 50 8 8 2 3 2 4 0 5 4 4 6 8 40 1 4 5 28 7 7 0 7 0 50 7 5 7 1 50 1 2 7 4 18 5 6 50 1 3 0 2 8 1 1 2 5 7 50 8 0 0 
12 0 6 8 0 2 1 4 12 1 29 4 8 8 2 33 6 6 5 0 4 0 5 3 0 4 4 2 26 4 4 6 7 6 7 26 3 5 1 4 5 0 0 3 6 1 3 2 4 8 0 3 2 3 1 8 4 4 7 20 31 1 4 8 33 0 6 8 26 3 8 25 6 1 5 6 1 5 1 4 0 26 2 26 0 20 4 4 20 33 4 2 6 2 3 
5 7 0 0 5 1 0 40 3 1 2 4 0 5 3 3 4 8 5 3 5 8 8 4 3 6 2 3 6 0 4 8 7 4 13 4 0 8 4 1 2 7 1 4 0 8 8 2 3 8 4 4 4 3 8 6 1 0 9 30 5 8 4 40 2 3 5 13 3 1 3 1 7 5 5 6 7 0 2 6 13 5 3 4 40 5 6 40 13 6 6 2 0 8 
4 3 5 6 0 7 5 0 5 2 5 7 50 5 4 8 0 1 7 6 0 2 8 5 5 4 6 0 4 50 8 6 8 1 4 2 8 7 4 4 4 3 5 4 3 50 50 8 6 4 50 4 8 50 2 0 5 6 4 0 50 7 5 7 3 6 2 50 50 5 7 4 1 50 4 1 6 7 0 5 50 7 50 5 6 0 6 5 50 6 50 5 50 
6 6 7 7 50 0 5 3 8 3 2 2 2 8 32 8 8 0 50 2 8 50 3 50 5 8 4 6 0 0 5 3 7 0 13 5 6 50 6 7 5 8 6 4 0 2 19 2 50 6 8 8 7 13 1 50 3 5 1 2 6 5 7 4 8 7 5 3 5 6 0 0 2 3 1 8 1 3 4 0 4 2 3 0 46 7 2 3 2 6 3 4 
5 2 1 4 8 2 0 27 1 2 0 3 4 2 2 2 7 1 8 6 1 8 1 4 1 37 9 8 3 8 30 1 5 2 37 8 5 4 3 1 2 6 7 5 0 3 8 4 1 6 3 8 0 37 5 2 1 9 7 5 1 6 3 37 0 7 4 6 20 0 6 0 7 20 7 0 27 8 6 6 3 3 0 1 1 5 3 30 0 7 3 
28 2 6 1 8 8 4 2 12 3 8 12 6 8 3 7 6 16 0 2 2 0 0 0 0 7 2 7 28 3 8 2 7 6 31 4 7 8 16 2 28 4 8 8 1 12 1 0 5 4 5 7 2 1 6 4 0 4 12 6 12 10 8 5 3 3 4 0 5 12 8 12 2 28 3 8 0 5 1 3 6 28 2 6 7 7 8 4 3 5 
0 3 8 3 7 7 3 50 1 3 50 2 5 6 0 1 16 6 1 7 4 4 2 7 2 5 2 50 1 1 8 1 5 31 2 6 8 16 7 7 4 4 8 3 50 3 8 2 4 8 6 3 2 5 2 2 8 50 5 50 30 1 4 3 1 5 5 0 50 0 18 1 50 8 4 5 7 2 3 6 50 1 6 4 4 5 4 7 7 
4 0 50 6 3 50 3 5 1 2 0 5 6 50 2 7 50 2 50 3 50 8 6 5 1 50 8 8 5 50 5 1 8 7 50 50 2 7 4 50 0 5 8 8 0 0 50 8 8 8 0 7 5 7 8 2 5 3 7 2 2 3 4 6 6 0 50 8 4 4 8 6 50 7 0 8 0 2 0 5 4 7 3 6 8 7 50 1 
5 2 8 2 8 4 4 8 6 23 5 4 3 50 5 0 50 6 50 7 1 4 1 5 0 7 1 4 8 45 4 5 50 2 3 1 6 3 5 7 7 16 5 50 1 2 37 3 0 3 50 7 1 7 7 2 7 3 2 8 0 1 4 6 3 3 1 3 5 7 6 3 3 5 4 1 2 4 6 46 3 6 1 8 5 2 3 
1 5 4 2 5 5 50 0 8 6 8 6 0 3 0 1 8 3 0 50 5 7 6 5 1 7 48 2 6 0 5 4 4 3 7 8 1 3 2 3 2 0 8 3 2 7 5 7 5 5 4 30 7 2 5 50 4 4 2 50 4 6 16 2 0 8 5 5 5 8 1 4 50 2 50 2 50 0 8 50 50 0 1 5 5 1 
7 3 50 5 3 8 7 7 6 4 50 0 3 50 0 50 6 50 8 5 1 2 50 0 1 1 50 8 7 2 3 50 50 7 7 7 50 6 5 5 7 8 2 50 3 1 0 0 7 8 2 6 5 7 4 4 7 3 5 8 5 0 4 50 0 0 8 2 1 50 0 2 5 0 8 8 5 3 6 4 0 5 6 50 3 
2 4 3 7 17 1 0 3 5 1 4 5 7 7 6 7 0 33 8 1 5 5 0 1 5 2 2 6 3 3 3 2 6 7 3 8 4 2 8 2 0 8 4 4 2 6 1 1 5 17 3 3 2 33 3 6 3 33 2 4 11 3 4 5 1 6 7 8 3 8 33 8 5 7 5 6 3 11 1 7 6 8 2 5 
7 6 1 7 2 5 39 29 5 6 0 2 5 1 3 6 0 29 23 0 5 7 7 2 5 0 29 3 3 3 4 7 48 7 6 1 7 8 6 4 2 8 0 8 4 40 2 2 2 29 6 1 5 7 6 29 5 0 1 7 48 8 6 8 7 7 1 1 48 7 6 3 3 1 8 3 8 6 2 48 3 3 5 
7 5 0 0 3 2 4 50 3 3 50 7 50 8 50 1 0 6 3 50 6 7 1 50 3 6 1 4 50 50 7 6 6 50 7 4 8 1 4 8 50 1 6 5 7 2 4 5 5 5 7 4 1 5 8 2 3 8 7 2 50 5 7 2 2 6 50 1 1 5 4 2 5 2 5 2 3 8 0 1 50 8 
4 1 50 2 4 1 0 1 49 1 7 4 6 5 6 4 2 3 5 50 5 3 7 7 7 31 0 2 1 16 3 7 8 2 1 8 50 5 5 6 7 5 3 6 5 4 7 0 0 50 8 50 30 0 8 6 8 1 0 8 50 6 18 4 50 2 5 5 5 1 6 6 50 5 4 5 5 7 2 2 7 
6 6 3 3 7 1 8 3 1 5 5 1 0 6 0 6 50 5 8 8 2 0 2 8 4 8 5 2 2 3 7 3 50 50 4 8 2 50 2 4 50 2 3 6 0 1 1 50 5 1 0 3 5 8 50 50 8 8 2 5 50 7 8 6 2 0 3 50 0 50 1 4 3 5 5 50 2 50 5 50 
6 4 0 3 7 3 7 3 6 6 3 1 50 7 0 5 7 5 8 38 5 2 3 7 8 7 3 0 5 0 1 2 6 8 6 4 5 8 1 2 4 0 1 4 25 2 2 6 50 3 6 0 50 6 6 15 1 0 7 0 0 2 2 8 5 50 2 50 8 50 6 0 50 50 3 8 4 8 7 
6 2 4 4 5 16 8 0 2 0 4 4 7 4 5 6 50 4 2 7 0 8 31 3 3 7 16 6 14 4 0 5 4 50 0 5 6 5 7 1 0 0 2 2 5 8 50 8 50 30 3 8 1 7 8 8 1 50 5 18 7 50 7 4 4 6 2 2 4 50 1 4 7 6 4 5 6 5 
4 1 4 23 6 1 23 4 23 1 5 0 3 3 8 0 3 0 2 32 1 2 32 7 2 2 2 1 1 5 8 23 0 23 5 7 31 1 32 8 32 6 1 8 6 7 7 1 4 5 4 8 7 1 5 6 5 6 7 1 2 8 2 6 7 8 4 8 0 23 3 5 2 0 5 2 1 
50 3 7 0 6 1 2 6 2 1 50 43 5 5 8 29 7 8 8 50 5 5 1 2 0 50 6 4 3 1 0 3 7 6 0 7 2 8 9 5 3 2 28 7 6 3 8 0 50 8 6 4 5 50 7 7 1 7 18 8 3 50 7 4 3 1 6 1 7 3 4 3 50 4 1 4 
8 4 2 3 2 7 7 0 6 50 43 7 4 7 37 6 0 5 50 3 0 6 7 2 50 5 3 7 6 8 3 7 4 5 0 5 6 40 5 8 1 28 0 4 1 8 2 50 8 8 7 8 50 7 4 1 6 7 0 6 50 5 2 4 1 7 8 5 0 1 3 50 6 8 7 
2 4 50 1 50 2 50 0 5 2 4 50 2 7 0 50 7 4 2 1 50 50 7 3 5 50 6 1 2 0 0 3 50 7 3 5 6 6 6 1 7 1 0 6 0 4 8 3 2 3 2 1 50 8 5 1 2 3 50 2 7 5 1 0 1 8 3 1 4 8 3 6 50 6 
5 3 50 0 50 8 7 3 6 2 2 4 6 6 3 34 7 5 50 8 8 0 1 1 2 4 8 17 8 50 0 7 46 3 13 3 50 8 1 6 3 6 2 1 5 6 4 6 6 7 7 2 4 8 8 0 6 5 3 8 8 7 3 1 5 46 5 2 1 6 4 4 2 
8 0 5 2 0 8 5 3 0 7 49 6 0 8 7 2 1 4 1 6 49 1 0 0 5 4 4 1 6 8 2 7 8 6 7 6 5 3 0 0 1 2 16 0 8 4 8 1 6 2 3 0 8 0 1 16 2 1 6 0 7 8 5 49 0 1 1 0 6 8 7 1 
0 50 0 50 4 3 7 0 50 5 7 0 50 4 4 8 7 50 50 1 6 5 50 8 5 0 0 2 8 50 1 3 1 4 5 2 2 2 7 7 5 1 4 1 5 1 8 1 7 50 6 4 2 5 6 50 2 2 0 2 4 4 7 1 2 0 0 6 2 50 1 
4 50 5 6 2 7 0 8 1 6 6 8 45 0 2 50 1 6 1 2 0 8 7 6 17 2 50 8 7 44 1 0 1 50 8 0 7 6 3 8 3 1 5 1 6 1 1 0 1 4 0 0 1 1 0 1 3 5 3 6 8 5 46 5 5 5 8 8 0 6 
6 50 4 2 5 5 50 4 1 2 50 5 8 0 1 50 50 6 2 4 50 7 1 1 4 1 4 50 2 6 4 8 3 1 0 4 5 2 4 7 2 3 4 8 5 7 1 50 8 0 4 7 7 50 3 1 2 0 3 0 2 6 1 1 5 8 6 50 6 
8 5 5 4 3 8 0 1 8 1 28 1 4 50 3 7 7 3 4 1 1 2 19 2 50 0 5 31 4 13 7 50 3 3 3 0 5 7 5 1 3 2 4 4 2 8 1 0 6 6 3 5 6 4 5 3 7 7 0 4 46 5 6 6 3 5 7 0 
8 3 0 4 50 2 6 5 50 1 4 6 2 50 50 6 8 2 50 3 6 8 5 4 4 50 3 5 3 0 3 0 0 6 7 6 1 7 2 6 0 8 0 1 7 50 6 4 3 2 3 50 8 3 2 1 3 5 3 4 0 7 5 7 1 50 7 
0 8 6 3 4 2 48 8 8 4 2 2 0 8 6 4 7 3 6 6 5 6 2 6 4 4 5 4 3 4 13 25 3 6 0 50 1 5 4 50 0 0 16 7 2 8 4 8 2 6 8 4 50 1 50 4 50 1 2 50 50 4 0 0 2 6 
38 8 5 2 29 6 4 7 50 1 4 7 5 8 50 2 0 2 6 4 4 7 2 3 1 2 1 40 8 7 8 28 2 0 6 7 7 50 2 8 6 8 50 6 2 4 2 18 6 2 50 7 2 3 7 2 5 6 6 4 5 50 3 2 2 
0 2 3 17 7 4 1 43 2 8 8 6 0 17 0 7 8 0 5 1 3 3 0 4 6 7 43 0 6 1 43 0 4 8 2 1 43 5 1 6 6 23 5 1 4 0 38 8 2 43 6 8 8 1 8 0 5 3 7 5 43 7 5 8 
3 1 4 1 4 6 2 8 6 6 2 8 2 2 7 50 50 6 3 0 50 3 3 50 0 2 2 5 1 6 50 6 2 7 4 7 7 50 50 3 7 0 2 50 3 3 4 4 8 0 50 5 50 4 1 5 2 7 50 3 50 3 50 
6 7 1 50 5 5 0 8 50 50 6 7 7 50 4 1 3 2 2 0 50 0 8 3 1 0 4 7 1 7 4 7 5 4 4 4 7 5 3 7 50 5 4 0 5 8 50 5 3 5 1 3 5 1 6 5 2 4 7 1 50 8 
3 2 5 0 0 34 0 4 7 16 7 14 5 3 0 8 50 4 0 6 0 4 1 4 5 8 2 8 4 50 7 50 22 8 6 1 7 7 5 1 50 3 18 7 50 5 7 2 7 4 6 7 50 1 4 2 4 4 3 6 8 
7 1 8 26 0 3 2 2 5 29 8 7 2 0 7 4 3 3 5 7 2 8 46 2 7 4 15 3 7 0 1 3 13 6 0 0 6 26 1 4 3 8 37 8 6 26 6 7 7 6 7 6 4 5 6 0 13 2 8 8 
7 0 0 6 0 7 8 1 8 5 7 1 8 8 0 2 8 8 5 1 2 0 1 13 30 4 7 7 38 7 6 8 48 2 4 15 3 7 3 7 7 1 7 6 4 38 4 48 8 38 7 6 38 48 3 4 8 8 7 
6 5 2 1 50 50 1 7 2 50 5 4 7 4 5 5 50 2 5 0 6 7 0 1 1 1 6 2 7 3 7 0 8 4 7 8 50 8 3 5 4 5 50 5 3 5 5 5 8 8 8 3 7 7 7 8 50 5 
7 0 28 4 7 7 2 0 3 1 7 28 0 9 3 6 15 2 16 8 34 8 5 3 4 7 4 8 0 5 8 6 0 8 7 7 8 8 1 2 7 3 2 4 7 5 3 8 6 13 5 5 2 0 7 8 1 
2 6 6 6 3 50 3 8 8 0 1 6 8 2 3 5 1 5 31 0 1 4 28 3 0 4 1 4 50 8 3 4 3 50 3 5 4 6 7 3 8 50 4 3 4 8 7 0 8 6 0 3 50 4 2 6 
0 8 6 34 1 31 8 2 7 8 34 3 2 4 0 5 5 4 0 8 8 7 0 34 8 31 30 5 3 4 2 8 2 3 34 3 34 2 34 0 4 7 1 2 1 4 31 1 0 2 8 2 3 3 5 
4 1 3 1 3 4 8 0 16 6 50 1 1 46 7 0 2 50 8 0 1 4 2 1 3 0 7 8 4 4 4 6 2 8 3 3 8 8 4 1 5 2 5 5 0 1 46 6 4 5 7 0 0 4 
50 6 8 7 50 0 8 2 3 6 0 50 2 5 3 5 3 6 4 0 2 1 5 2 3 8 5 4 5 7 3 50 7 3 8 2 7 50 1 1 4 8 8 2 8 5 7 8 0 8 0 50 7 
0 1 5 50 2 5 5 2 7 6 50 8 0 3 8 6 7 0 5 0 5 1 5 0 3 1 6 6 3 4 50 3 0 1 5 1 50 2 7 5 0 1 1 4 3 0 1 2 3 8 50 5 
8 16 2 0 8 0 16 7 6 5 7 7 2 8 2 5 8 4 6 16 3 16 22 3 7 0 4 6 8 5 16 7 16 0 16 4 5 6 6 1 8 3 16 4 4 0 8 3 1 5 2 
6 2 7 7 7 3 3 0 5 5 5 5 31 2 6 8 28 2 5 5 0 2 50 2 3 8 8 50 5 0 3 1 7 3 3 50 2 0 5 0 4 3 7 8 4 2 50 3 5 1 
7 3 2 7 7 2 6 1 7 1 0 4 0 4 4 2 0 44 2 7 22 6 3 1 2 8 3 6 44 3 44 8 7 7 1 7 3 0 2 3 14 4 0 4 0 5 6 8 4 
6 7 8 3 7 1 50 6 4 2 3 1 2 1 8 3 2 6 3 2 6 7 2 0 5 0 50 0 3 4 7 8 50 0 3 0 5 0 0 7 0 1 3 5 4 1 50 6 
50 3 3 5 50 6 1 50 4 6 8 5 6 6 50 8 2 8 2 8 1 50 50 3 6 1 3 50 3 4 1 3 5 3 50 7 50 2 8 4 7 3 50 7 50 7 50 
5 0 4 50 4 3 50 8 7 4 7 8 2 50 5 5 7 4 5 4 50 50 0 5 3 4 50 5 8 2 4 5 0 50 4 50 7 0 0 0 6 50 7 50 1 50 
7 16 6 7 8 4 16 3 17 4 3 3 0 7 5 5 4 2 0 5 0 6 5 3 4 5 5 8 2 7 7 2 1 4 3 4 0 17 1 3 5 5 6 5 2 
5 7 6 2 6 3 6 5 1 0 1 2 50 0 50 10 3 7 5 0 7 1 3 50 7 18 3 50 4 5 6 2 7 8 0 50 3 8 7 1 7 4 5 6 
5 0 8 2 13 6 50 3 1 1 6 3 2 5 0 5 1 3 3 8 0 4 4 4 5 6 1 8 8 4 7 6 2 3 5 46 4 4 7 2 1 1 1 
5 1 50 8 0 5 8 3 8 50 3 6 4 5 5 4 50 50 7 2 4 8 50 2 1 3 7 5 5 50 7 50 2 0 1 5 0 50 7 50 5 50 
2 4 8 5 1 3 8 0 2 0 6 8 0 8 0 5 0 5 7 50 7 1 0 0 7 50 0 7 5 1 2 5 7 5 8 7 7 1 1 50 6 
0 15 0 37 2 7 3 0 7 4 1 5 5 0 1 3 6 0 7 2 2 3 2 7 4 3 7 6 3 6 2 4 31 5 8 6 1 8 1 1 
3 3 7 6 7 6 50 0 0 2 5 4 1 50 50 7 2 3 3 50 4 7 1 6 5 3 50 2 50 4 5 1 3 0 50 4 50 8 50 
7 0 6 8 2 6 2 8 1 4 6 3 4 0 4 3 6 3 3 1 1 7 2 7 4 7 8 1 7 4 13 6 0 4 7 6 4 8 
7 6 6 31 1 8 5 1 1 9 5 7 0 0 9 4 0 1 2 18 6 4 40 7 2 1 2 2 7 7 8 6 8 40 4 1 6 
5 0 3 3 0 4 6 3 3 8 7 0 8 8 8 7 6 0 6 1 1 5 5 4 0 3 4 5 46 7 8 7 5 4 7 1 
30 0 1 2 4 6 4 0 13 6 8 16 1 7 3 1 5 3 0 1 5 13 8 13 6 13 2 1 13 4 0 8 2 0 4 
0 5 8 30 1 6 2 30 1 1 25 0 0 7 5 6 1 0 3 4 25 5 30 8 25 7 8 25 30 4 4 1 4 2 
4 7 3 4 8 28 2 7 1 0 28 3 4 4 3 7 4 7 28 6 7 0 4 0 6 5 2 0 6 28 6 6 7 
4 6 4 3 0 7 50 50 3 0 4 0 50 2 7 6 7 5 0 50 1 50 4 2 8 7 4 50 7 50 1 50 
7 50 22 1 0 0 3 8 4 0 50 6 18 8 50 6 7 0 1 4 1 2 50 4 2 4 8 7 5 7 4 
1 6 8 50 2 8 28 4 6 6 6 4 8 1 4 5 50 1 50 2 50 6 8 50 50 8 5 1 3 2 
30 0 6 3 4 8 8 0 50 4 18 6 50 4 7 8 2 0 6 1 50 1 8 6 3 3 3 8 2 
3 2 8 3 0 3 1 22 1 22 2 22 4 5 6 2 2 2 4 30 2 2 2 0 8 3 7 8 
1 3 5 0 50 0 8 0 3 7 5 3 50 5 1 5 5 3 6 8 2 6 4 50 8 0 1 
1 5 16 5 5 3 3 3 3 0 2 5 50 8 50 5 50 3 1 50 50 5 7 2 5 0 
50 6 8 2 5 50 0 4 6 4 5 2 50 4 50 4 6 5 2 6 50 6 50 6 50 
5 8 8 8 50 7 0 1 1 4 5 50 6 50 1 4 7 7 1 50 7 50 5 50 
7 2 3 1 8 2 2 4 5 16 0 28 5 16 7 0 16 28 1 7 4 3 5 
7 7 2 0 7 1 3 50 6 0 8 4 6 4 3 6 4 4 50 0 2 2 
7 5 0 2 5 50 5 6 0 4 6 7 5 6 5 0 3 7 8 50 6 
5 18 7 50 8 5 5 6 4 1 2 50 3 7 2 7 6 8 1 7 
3 3 7 2 4 0 50 1 50 4 2 2 5 7 50 7 50 1 50 
3 18 6 0 2 1 1 1 6 18 7 0 5 0 1 0 0 5 
8 1 18 6 4 5 7 2 3 6 2 7 4 7 0 7 2 
6 0 1 6 2 5 0 50 1 8 5 7 0 1 1 7 
8 7 8 5 1 1 8 8 1 4 2 4 6 50 3 
2 3 5 5 2 3 6 4 4 3 50 5 2 1 
7 50 0 50 4 1 50 50 3 7 2 1 8 
6 50 1 8 4 0 4 50 1 50 4 50 
4 50 5 6 50 50 8 0 3 8 7 
2 1 1 1 0 50 7 50 4 50 
3 3 50 50 6 2 3 4 2 
7 0 4 5 7 3 8 3 
0 3 3 3 8 2 1 
50 3 2 0 0 3 
0 4 5 0 6 
6 50 5 50 
7 3 0 
0 50 
0 

